6804
-2112
5662
5969
8233
-6049
-3296
5365
-4445
1079
-452
2578
-2704
268
9045
8324
2714
4346
-7168
2139
-9674
-5143
-7256
6084
-6867
-1981
-7405
-7824
9979
-5635
259
6783
2253
-4080
2751
486
-128
9456
-4150
5427
535
5399
-1996
7831
-4334
-2951
6155
8381
-8605
8987
520
-8279
-6156
3265
7805
-3022
-8717
-9600
-846
-8739
-5235
9413
8045
7019
-4667
795
-2496
5205
251
3355
632
-9215
-1247
8637
8617
4419
-4314
4771
2800
-2919
3757
-6681
-1198
7602
6584
-3393
-5421
7868
-2993
3734
9130
1773
3146
7174
-1209
8480
-2031
6296
3685
8220
-350
-5684
9005
8403
-7047
7622
2822
-1361
2392
-4379
5720
-3851
-1059
-5478
-6250
-4476
1129
-1670
-6608
8136
-7937
-7479
-91
5210
9695
8700
3689
-2336
4996
-2627
-4117
-5355
1690
-5112
-6953
4643
-7491
5870
-6718
4902
-8510
9002
-8950
431
-6476
-5199
5956
4653
3131
9349
2789
5195
-8131
-7302
404
-8436
-8602
-5907
-772
6394
1466
5112
-8962
-6844
10000
-5914
7799
-7491
9956
-8919
7411
-8554
-9917
8462
1878
-6393
-6738
-2166
8261
6394
-2818
1050
1589
-949
3748
-8008
616
5146
-3914
9845
1539
7553
4956
2578
-9292
4956
6665
8508
7466
6621
9589
4876
8068
9672
3338
-55
-6721
6601
7779
-8461
2994
-5039
2590
-5418
4013
-3663
-3425
-5372
-8517
2662
-5527
3023
214
9430
-4399
922
4386
-7735
-570
1851
8887
-982
-3273
6954
-1310
-9936
-3101
1970
6665
-5322
3510
-341
-361
-3901
4242
-6349
2437
-9183
-1720
3920
3479
2753
-3058
-6308
2182
2543
4615
-3433
4809
-5956
8419
3695
3063
-4855
649
-8248
-4790
7548
3723
-8126
-7775
-2768
1534
1864
3331
-4225
5516
-4233
-3407
-6205
9688
-9929
6548
-3371
-6236
-1270
9173
8379
5298
3982
-7578
3716
-2323
5486
8861
8326
7239
-5929
5873
961
-4054
8099
8193
7480
-37
1524
-6745
-4522
7292
-152
-727
6979
-80
-4179
-6392
3684
4551
-7219
2062
-152
6763
4485
-6436
-5561
-30
-7575
-7236
-2791
-3504
8638
8170
2442
6737
6363
-79
-3301
-2114
3177
2178
-4822
-6976
-8550
-7843
2944
-2728
-4235
-3372
-8177
-1454
8690
1671
-4691
3175
5236
-251
-6855
7661
2513
354
-5843
1151
-1476
6599
-2112
-5114
-3480
4587
2773
9697
-3235
7952
-7279
-1784
-9892
5666
5488
-4127
-7707
7311
4420
-9017
-1018
9730
4158
-5783
-522
7304
-8122
-8009
-2342
-3965
3143
6182
-7366
-8970
-8932
-846
5618
3842
-1149
-7618
1793
1573
598
1901
-2762
-3914
7775
-468
-6604
2195
515
2379
1924
-5327
6596
-8599
-8024
8475
-6607
-365
-5490
6536
-4184
-2856
7566
-3115
6298
3183
-9274
-4851
5565
2519
6722
-3837
-5580
-6040
2249
-7806
3492
5646
4389
-5993
-1976
-3687
-1320
-5380
-2285
657
-6906
1108
-9709
-2396
-2357
-3892
4748
-4791
2993
1046
8392
3720
6196
3957
-3761
2918
-9880
659
6879
2369
2854
370
-1986
-2757
4378
6038
3556
-6943
-9343
-8729
3715
-6248
2379
4006
1357
-9978
-9886
-3895
-4769
3107
7151
-6377
-3173
3347
7581
3066
-3736
7701
-6275
-6858
69
6579
3513
8084
-6178
-2110
4122
7379
948
4779
8650
-5338
8532
1029
8669
-112
1051
8783
5993
6283
1890
3144
9906
8717
-3509
7487
1783
2756
5187
5509
5898
-4745
2088
-589
-6661
5910
7302
7461
3288
-1750
2240
1938
2912
771
-7034
1580
-9341
4018
363
6652
301
-7747
-204
207
-9030
6287
-2307
2753
-958
-7121
-1739
-5060
-1865
-9651
4352
1474
6259
1654
-1065
-453
9904
-8826
-8515
2815
1946
-5548
-5605
2605
8471
4759
-743
-1229
7012
9054
8979
7982
5341
-3329
735
-5618
-449
8997
-677
7687
9346
-6325
-839
5605
5329
8096
-4849
5232
9271
-3363
-1953
1216
1089
2443
-6180
-441
-2798
3078
8331
-5786
2131
7309
-7805
-2529
-6020
2931
1854
3531
1927
-8823
1217
1272
-5148
-9622
-3123
-9819
8474
2029
5414
7744
8666
-6539
-1040
-246
5905
2780
9314
-6894
-4142
7644
-2680
7989
4953
-484
-4540
8933
-7554
7314
2464
4374
8491
-6319
-4355
-6657
-5941
2523
-6476
-7467
-5449
8939
-9723
-6784
-7601
-763
2971
8305
-7983
2285
-8589
-2125
-71
-1268
-4137
-5119
8248
1323
-6186
-9306
-1363
6278
5068
-2872
9960
-9287
471
-5981
3236
3996
-3448
7787
2934
-3171
-8997
5334
6067
3974
3639
8084
-3741
5050
-4042
6188
-6219
1822
-8932
-7971
-6855
-5117
-7277
1782
-8839
7791
8910
-8880
8505
-619
-4861
1740
-6624
1692
-473
6311
8522
530
1645
4588
-5496
-4717
2672
764
-9667
8631
-3049
-5886
453
-1980
-3857
3598
2903
-1133
-4620
4064
-3342
-5710
5184
-4838
3672
-9677
6903
7049
2015
-3571
3359
537
6960
-4996
-4876
-8536
288
7797
2228
621
6427
9180
4735
-3121
-2801
-9122
-9523
-9899
-255
-4143
4165
6403
148
-651
-8435
-6181
-327
8468
-9133
-8312
-5103
4227
2225
-8143
9232
7350
-6678
-481
5146
5550
-9861
1572
4729
4875
8452
-8072
5753
8929
-7971
-4502
-5214
6195
-8100
4935
-4456
-6534
8755
5217
-8067
9623
6906
-3169
3849
-870
-1312
3081
-3521
2010
-7401
-8375
-2440
-7261
3198
-7711
7614
1649
-5783
3367
578
-3753
8865
5364
-7559
-9235
299
-2014
-5769
-947
-6797
-3835
-1325
-9892
2996
-7476
-761
-8317
5605
5719
3694
8205
7344
-8747
-9057
542
-6458
8558
-7810
-2240
1924
2768
4007
788
-1868
6449
1554
8431
-5566
5785
-2516
-2362
-8051
6159
-2254
4946
8684
6986
6630
4289
2704
323
2493
48
1576
3437
-9411
5119
1994
-7220
-7122
-6082
5548
6886
4706
-6320
3334
-3740
-7889
7769
-7956
-404
-4594
-6006
-4245
3153
8940
-5562
138
5570
8727
-7158
-4108
1220
2891
7469
-5343
3480
2587
6651
6260
5466
-9431
1808
2352
5276
5489
-4314
-8465
7601
-6546
-6421
-2804
-1139
-2426
2951
-7987
-3486
7389
2152
-7917
6116
4995
-2025
-2664
-2115
-4556
1993
-8636
8031
-1356
7625
3497
-787
-567
-4152
-5512
-5079
1534
-3977
-7479
4989
-397
-283
-6151
7178
-7333
-4137
-6309
-9944
8016
-4225
6173
3010
3751
-6492
-9106
9195
5501
-7741
7226
-5855
9884
722
3358
-683
6571
7847
4238
-1895
-6130
6760
-6906
3473
-3523
-3056
650
-855
2807
4342
-799
823
-9884
-4627
-6168
3868
-1118
-5273
3062
-5617
-3014
287
-1472
-3130
-8991
-8114
6187
7581
9733
425
-4315
-6398
-2815
-1220
7076
3662
5724
-2274
-7194
-1469
-7933
2008
9354
-7816
7382
-6814
6052
-3736
-2086
-886
647
4900
9401
9175
-8230
-9590
-8939
7958
7991
-9206
-1617
-6324
-5603
5568
2456
-8528
-770
-1821
-801
2037
6711
1267
-5956
6065
3451
-8574
9251
-497
-2310
-2835
8617
8337
-7936
8018
7512
-6165
8428
8574
-8207
6419
9368
176
-9906
-6235
-4256
2550
-4763
4974
-9271
4437
-2990
7441
-4297
1055
3505
9155
2481
2756
-1343
-9829
9921
-2726
8509
-8015
-4708
6021
-4179
-6280
4594
-2386
-9861
3962
7791
-9767
7727
-6466
2784
-7036
8508
3514
7401
-4483
954
-6896
6573
-5541
-7742
-946
7216
916
-775
7137
8191
-2267
9123
-6518
-6246
-5057
-2797
8348
2558
-2658
2310
348
-2424
37
3882
-9641
3001
2389
3874
402
7907
-5172
3507
4480
-712
5765
-6467
-3497
-3320
2758
-6360
-5130
-9509
-7238
-1647
-5755
-2294
5557
-7407
-9737
-7101
4903
611
475
-5060
-5507
835
7941
6883
-5292
-1657
4790
-463
-8151
-731
8825
7615
2802
-4672
-5705
-4440
-1032
-835
-3949
1731
7519
297
9437
3075
2890
9700
5974
-2207
311
-3551
2733
4804
7284
674
1686
-8008
9018
-3525
1530
-9133
5744
354
8482
-1454
5683
-7223
4106
-5349
1942
-9843
6382
-539
455
5819
-7464
-6656
5518
8511
1138
-4172
-5041
-6129
-9368
-7757
4546
2318
-5765
3563
8793
5766
4431
4537
-3880
2913
-6918
-8198
5690
7189
-3546
-2368
7347
-7164
7093
-2199
8655
9630
1146
4172
8140
-7716
-10000
-6902
-3845
-9367
-4659
-9300
2951
-423
4264
1744
-4658
-1305
-3719
1462
-8393
-636
3265
7298
-3448
9719
-5071
-6101
-7446
-7978
1700
-8791
-8349
-7155
5382
9791
-4870
5383
-7111
1285
6016
-1769
1986
-1034
7809
-3750
-9290
-6849
4945
-3009
4614
6553
6355
-2122
3850
-7093
-2403
8780
-3194
152
-9199
8507
1362
-7547
-8648
-3257
-7756
-3518
-7875
-4867
7767
8141
3365
-247
-2893
1173
6003
-2182
4324
947
4809
-1063
-2501
1164
6816
-8651
4072
-5587
-9872
-9123
4566
-9070
9385
-4073
-6617
-9264
2671
-4373
-2782
4796
761
-5015
2937
-5875
4738
-9956
5299
741
-2138
-378
-8313
-7329
8560
-813
3835
5376
537
-2094
9790
665
-1216
4356
1595
-1832
-9717
4979
-1095
2954
-9394
6123
-2251
1368
-8892
-9314
5493
5846
-9270
792
-3413
-1408
-9586
-1725
1263
8975
7462
-4902
4350
-2002
3005
4140
8664
-8212
-1505
259
-43
-1222
-4763
8862
-8268
-4156
4985
-519
7212
6093
167
2705
1939
898
-6504
8526
9490
-6090
-3200
753
-7115
-5738
5852
7236
2261
-1144
1375
924
644
9871
-8817
-9399
-1351
-3579
9463
381
2265
4448
9863
-523
540
30
-7819
-7521
-9073
-4322
-8995
-9583
-411
-2194
1171
2474
2068
-2978
-291
-5671
5878
-8916
5254
-3478
-9046
6437
-2877
-396
-7143
-3414
9985
5123
-8967
9847
-5401
1574
-123
-3219
4054
804
2460
5059
1221
-7952
-7136
-7609
4523
4933
-587
-5768
9262
-4709
-4684
4516
1813
-3729
952
8937
5875
3810
-4478
5860
-1067
-3444
5707
3533
8131
-4417
-9687
2184
6388
2774
-2758
-2391
4823
107
0
-655
-4961
9414
3578
-5699
-5295
8894
8817
6518
-4835
-231
5454
-8960
-6421
-9024
6900
2512
-2468
2607
-3956
-4337
8191
-3642
7847
4578
9133
-4912
-7814
3955
5196
2187
-6700
-9766
1601
6878
-5464
6306
5772
-6647
2824
-9064
3122
-1722
-8023
6701
-746
8878
-787
6787
1484
5258
-7551
-325
-8385
-9704
-5747
-9252
-4615
-3561
4703
-9420
8627
8004
-9185
228
4881
-4649
-3467
653
-1296
9358
1590
-8174
-2365
3567
8528
6890
2444
-2260
3677
-6072
-7003
6127
3604
-5387
6423
7857
-4639
-8193
-5704
-9936
-7613
-7078
8068
-6798
3151
2949
-1446
9684
-6398
7259
9042
5192
9085
-3324
-1241
7612
-6434
-8797
-4648
7243
-4869
-1650
3370
8735
2963
-208
6592
8325
1599
-9113
8390
3987
-6190
6458
7190
6961
-594
-4257
6645
3009
-6998
5686
-1800
-7914
-7638
6959
9699
-4071
8163
-4950
-6829
-6707
3401
6541
-7971
-3636
-3667
8621
-5311
7933
9508
-6922
1919
-6683
9536
-891
-9722
-1058
4853
6923
-8050
7855
2609
151
9942
4971
-2890
9640
-9101
-4728
-5310
-5929
-1434
8091
-9388
595
-5546
-3054
-785
-857
-5122
-1277
2222
6798
2041
1758
-4094
2319
-9300
-9242
-759
-7349
8613
-8151
2802
8555
6821
9913
8194
7721
-4816
-7116
-8208
3751
-9026
-7596
-5654
-4571
-649
3562
4573
4229
-7716
-3206
1026
4325
8553
6933
-3357
9253
7691
5885
-8097
6304
7735
4706
4858
4556
4619
3052
2276
9804
5936
4069
3554
6911
6473
7901
-7660
-4176
1462
6913
-9948
3746
-6293
1079
-1929
-7741
-1989
4715
-8488
-4299
599
-6584
-7995
-1666
8123
6864
-7111
2741
-85
5166
2544
-4149
-766
-3902
-7239
-4293
-6002
-4899
1531
5461
-7986
1584
-794
-4279
-7338
7277
-2019
673
1992
-506
6375
-7410
2910
8380
925
1033
5244
3815
-6227
-4841
-1020
6318
1010
8215
-7584
3772
-6078
-3585
8873
5453
-8125
-9113
-2964
1082
-3391
-302
-1641
4590
-9629
-9650
-5917
6746
-7059
6994
5126
3866
-1974
369
-2319
1800
5528
6662
-1882
-3463
4876
535
-9692
8798
6951
9182
4251
8827
-9931
-8714
-92
-3322
985
8267
-8733
1356
8618
-4649
-1898
-8442
-7655
-6773
5425
372
3596
-6895
-7828
-877
9767
290
5661
4643
-9175
5970
3440
7776
5152
-2309
6603
5221
-1022
-3490
-8102
9963
-5223
-6834
1319
-6605
-1482
9421
-5047
863
-7352
-9622
-8765
6244
-6516
-6593
-4633
-6749
3698
-8973
7895
4524
6997
1335
2299
2149
9026
-1098
-2631
-1997
5412
-732
-2034
-9811
2434
9285
-6416
-9049
8706
-1462
1815
-8647
-1083
3050
7598
2401
6458
-7036
5653
155
-6008
3547
-5321
-9011
-5119
6979
3138
-6094
-4120
-9493
1910
-8709
-225
9876
-8519
-7792
9161
-4935
-6840
7867
3604
4976
9221
-7480
-1974
6818
4922
-5517
9783
574
4639
-6225
-5879
9318
-5236
-998
6296
7903
2909
-7825
8410
-5182
-6533
-1816
-5306
-5052
393
-6146
14
3553
-8279
-6383
-1472
-9059
-3862
6554
7760
-8941
-8963
7542
1634
5676
-8683
5755
4994
-3919
-5243
1290
-6016
7666
3466
-7607
-7516
6933
578
-2821
-8119
-9030
1034
1896
4524
2755
5514
-6948
3696
-8349
9607
1455
-7289
-9357
-1003
4345
6320
314
99
1314
6396
4856
-7397
-9621
2522
6069
-7227
5007
3002
3351
-7815
4883
4322
3219
-3222
-1155
-4026
-7709
1898
9670
-6057
1504
1125
-3346
2148
-9878
-9002
-1533
437
1098
9782
-3168
-4046
-7616
-2788
8476
8454
-14
3483
1455
-6664
5669
-3663
7659
-1112
3116
-3496
4862
5408
8402
4532
9352
-94
-4344
-3995
-7947
-4221
-2996
521
6216
8102
302
-6952
-5945
2687
260
-7469
1140
-9754
6014
-7406
-6418
1682
-1068
-8759
-9430
-7952
-2255
5432
7457
-3853
-37
6809
6054
5620
-7187
8107
-8602
-182
-1372
7615
-2080
8931
-9338
1976
1617
923
4507
-7243
1170
521
-4648
4752
-7797
4285
5994
-7227
6334
-6261
8206
3790
-114
-1832
598
-4061
-6212
3412
-5954
-4813
-6770
2675
-7199
1150
1605
-6536
-6875
-6778
4388
7633
-4020
-4443
-1847
1332
-9691
357
-4383
6304
3131
-8050
-9958
1336
5741
-71
9505
-3661
5868
-6708
9751
9915
-1521
-7020
2590
1281
4131
-5806
4746
7256
-2583
-867
4888
3398
4691
-6959
-5270
5001
3399
347
1304
-3471
2297
1346
7866
-1962
-8726
7370
4377
7143
-9339
4128
7058
-859
7109
-353
-9579
1239
3842
5168
-1506
-8742
-5700
-6618
4657
8992
-3577
9387
3992
9822
-267
-4704
-3649
-7970
6642
-5784
68
7917
-8415
-5556
5060
-7753
8572
2117
1389
5681
-8236
1810
-3081
5606
-3023
5414
6865
1278
8796
1521
270
-4781
907
-5738
-4959
-9360
-442
1392
-7330
-3801
5608
2738
-5884
7194
7183
9176
9442
5755
1293
830
1435
3057
-7360
8355
-1338
-382
3768
-4473
-9105
2564
7048
1166
7783
-2045
5428
-7176
-1405
-5015
4216
1265
1185
-176
-5997
5301
-2982
-8814
4477
-3541
6941
-4231
7289
-1624
8826
9929
-3270
-2512
-454
-9502
3015
442
3062
63
-8392
845
8018
7036
3669
-3387
-7979
-2115
7879
3206
7710
-8119
-1493
-5273
-6933
-7016
1187
-9992
-1247
-1525
-1616
-2421
-1596
5114
5068
7951
5612
-1917
-1607
-1326
8146
1
9519
6164
-2963
3188
-7224
-942
-8928
-9346
-7736
8783
-7464
771
-6490
-4396
3755
4697
-4388
-7492
-6828
3996
88
1577
-891
-4845
-473
-5279
3238
7921
3395
1384
-2078
2914
-2453
4959
-3899
324
-5983
-2826
979
-3719
-4043
3515
7053
-533
9119
808
-5837
-5270
3317
-2664
8727
-6596
8913
-2164
-1440
-1561
2557
-8202
-3640
-4048
3182
4282
8867
-9271
-759
-5032
1054
3258
2143
-7968
9539
8100
5548
6591
-2434
4667
-2601
1730
9397
-9285
9066
8124
-5881
7978
-4041
2680
-3583
8517
4478
2777
-5531
-2340
-2941
-6665
-1610
6300
-1697
9444
-443
-9555
-8524
-904
8545
7024
-4313
-3889
1691
3086
7841
1087
3802
6907
-789
7921
4884
5170
601
-8699
3686
-4921
4079
8155
2739
-8863
-8510
-8871
7437
-207
-9427
-3006
239
-7951
6090
-1217
9074
-8223
4895
764
4863
2736
-8149
-1335
-358
1062
-3414
-5474
-3768
7187
-4173
9919
-7735
9906
8074
5005
-8957
9564
6134
8481
-644
6707
-4526
9595
8757
-8436
-1622
7831
-6658
-6727
-1406
8206
6009
446
-3130
-4349
-8492
3456
177
-2260
642
6005
-2342
2908
5911
-4269
-2088
6954
-4705
-5954
5435
4652
-9247
-9091
4247
9510
-7526
-7375
7340
-4184
-4102
-4066
-5979
-8094
6380
891
-2442
7888
-5653
7735
-4372
4989
3740
3286
-2103
-350
9018
5809
-3396
-5688
9856
-7961
8965
-9392
-7052
3211
-9882
-4578
5836
7458
1238
-8267
-6608
5260
-6360
9773
-3850
1198
7660
498
-1067
-6712
-4514
-7328
6575
3384
2323
5593
-807
8928
9906
-952
-9034
8870
-343
-6085
2080
-225
-663
-2085
-2767
-9425
-352
625
5835
3289
397
-8015
-5514
-1943
2483
3420
1345
7970
6093
-2080
1353
-1584
-6488
-9455
-2657
-6583
-406
-1690
-7714
9251
2226
4366
-975
-8438
-7719
6258
-7863
1930
-3117
7973
-4782
7281
9958
-295
-4663
2440
-6875
6683
410
9218
-5397
-8238
-2367
-1885
-7692
4977
1532
1902
-6713
3819
1152
5513
-1816
-9823
7076
465
6436
9214
-7605
-6682
7186
-2387
-9401
7144
7319
-4064
-417
-9557
-7381
9993
9661
-2778
-8245
-2706
5337
-5936
-7730
-3131
5966
-4442
-9313
-2882
-8930
-1128
-2704
8147
9338
-6269
7360
-8268
-2950
4545
-654
-2351
1688
-3336
3586
-8729
-2892
6206
-8736
-3232
-6573
-6980
4063
8765
-2916
6333
-4366
-6950
-8110
-3678
169
-7039
5194
7465
-8893
4531
-8804
8468
6264
-1754
3013
-4391
5896
-5299
2274
-519
-4027
9382
-4314
-2763
-3850
-886
258
-9788
-2121
7343
6546
3513
-9608
8437
9835
562
-8603
5029
-1974
-7495
-440
-778
-9028
-4177
7469
3985
1433
3364
8687
-6294
-7156
-5341
-6912
-1469
1897
-762
7645
-7846
-550
-4476
9498
-4005
9037
9891
-5569
8872
452
-4171
3901
8478
-1665
-6540
-2300
-692
-716
-4832
-6707
-9284
8532
-8021
-5577
-8624
-3362
-2489
-93
8535
6749
-2448
-9311
-3801
3076
-9813
2195
2113
-9923
6627
985
529
-7544
-5115
-993
791
-1654
6707
-9902
7631
-8125
-6608
8348
-9594
-4629
-7230
-8217
2010
282
1690
544
-2969
9243
1234
3231
2318
1421
-4575
-5570
1499
-7949
5416
-7973
-5493
-9699
1034
5299
-1353
-2259
5397
-3723
-384
8789
-5375
23
-5840
-2604
1807
6170
7678
-6503
-3286
-5291
-7261
7949
7940
5057
-630
-6636
9488
-9132
-4584
4904
-7105
-76
5205
3930
-4778
-6149
-8329
-9381
129
1288
9409
4755
-8689
-6432
-7850
3118
9739
9829
6616
-3548
-5463
9355
-5599
-7524
4412
3771
-4159
3900
4639
1257
-1197
7535
-8820
-5993
1465
-3597
-2141
3137
-2978
7989
-5575
-3570
2743
-4264
-1
4894
8855
-263
4722
5470
6190
9260
4825
-9409
-8265
-764
4362
-2423
-6864
-999
8835
1939
-3464
-9985
5947
8002
-3582
-6194
1138
3441
-8206
5563
9871
4538
-8701
-130
-568
-9846
9608
-5847
5625
5798
-6588
449
6389
-4852
9686
751
2726
-7179
9752
1560
4761
-3712
1576
707
-5711
7994
4513
5428
1434
6308
990
1305
846
2290
-8825
-9723
2444
-9218
-5569
-1931
6581
-2157
8518
2969
2992
8203
-6281
-4283
-8976
-6529
7278
5785
-241
-1147
-3508
4049
-3153
-8995
-524
8282
7313
-9534
-414
-1841
2756
762
-1563
-4800
1544
2868
3269
-1876
-9289
1787
-8907
3704
-10
-5187
9422
1014
-1715
6699
-3202
8045
-4448
3290
2093
2399
4296
-8431
681
1609
-7965
-9734
9768
4792
1028
-1796
9993
-7428
-8928
3262
697
-8217
-4952
1791
5487
5038
6604
4909
-3948
-5112
1607
2851
-7068
7160
-3860
5026
-441
-9565
6595
-9761
2044
8631
-9494
1812
3423
1535
-9984
3415
4107
-8912
-3323
-5196
-7128
1726
6595
8360
-3236
3198
3268
2816
8087
-5125
-4334
-8981
-7966
1807
6046
1594
2243
2640
1833
-5713
1271
2339
6100
-5307
-6127
6116
8109
7981
7205
-5214
-7216
-9923
6512
9379
8437
-6724
2577
1705
6092
663
6580
-8242
1683
8615
3566
-2272
208
-4192
-9632
-7959
96
1639
4380
-3805
6333
8254
-7689
4442
6234
9517
9229
9019
9594
5740
8398
8030
9016
974
-265
5108
-8363
-3686
6867
3320
-5071
432
-8952
5137
6240
-8584
7178
-3664
3055
1558
2532
-612
-188
4843
-6170
-3954
4359
-6942
-4936
3953
8799
-6539
1982
7815
4436
-8283
2922
6074
-1969
-212
-607
2960
-9780
442
-1903
6461
1858
-4725
-7204
-5087
6833
5328
4301
-3355
171
8132
2691
-5471
-8811
7755
8482
9989
-8784
464
7803
5653
2181
725
1726
-9788
-9487
-8881
3173
-9267
1561
-8730
7194
-6582
-3455
9990
-1668
-6622
5318
-7367
24
-4512
-9236
-7286
18
-8046
-9531
-1500
-8058
-8315
8965
9746
7339
1146
470
-936
1358
983
184
-5469
1717
-8255
-4198
-1089
-4836
2348
-1099
3496
5727
-5782
6129
-4250
-293
6894
-1536
9725
8848
-1067
-1776
-9210
619
-2811
-9465
-2043
8335
1006
7022
-307
-8011
-2794
4225
3706
-1049
-9974
-7384
4115
2374
1518
-2389
-1899
5736
-6261
3851
-4558
-9367
-7685
-4833
9481
1248
3392
-9729
-8133
-9420
-9194
-175
8916
1813
-3153
-1392
3802
4053
-7168
-2492
-6996
-7141
125
7120
5233
-8358
-5270
-6666
7379
-1530
7185
-7179
-897
9500
-2012
-1416
748
-8620
-1145
2616
-8039
-338
-7560
-9124
-8526
-713
-516
5276
-6660
2317
-7216
-3656
5176
2909
-6537
409
4552
-1806
3743
1930
6664
928
4751
-4234
428
-7261
4350
-8825
-5880
-6795
3791
-3919
2867
6232
-3043
4341
-4482
6442
-383
-1141
-1242
2402
5203
-6066
-4689
8667
4344
9863
-3140
-1914
1793
-6477
9015
-3456
-710
-558
-717
-6360
618
3403
-3155
-5591
9484
9712
-9360
-3559
4053
-3841
-7117
-6330
5018
1642
6072
221
5576
-8618
-1113
-81
-8756
5747
8006
3037
9271
7020
9581
-1439
-3538
-1136
2201
7080
-7733
9047
-8511
-8249
8758
-7870
-1807
2811
-1711
1076
6481
-6693
-7283
2552
3528
8294
3935
-7585
-1787
5180
8162
-3781
-1783
7433
-6761
-2202
-4007
-299
6662
8195
-3219
8930
7241
-1730
-9320
5999
400
-1127
-1191
8690
9949
-4710
-8003
-7334
7843
5525
-9040
1777
7941
-827
-3044
6103
5392
5173
3535
8631
-7030
9529
-1668
9633
7723
5114
8562
4963
-6617
9243
961
3784
-1884
9771
2474
-1935
-4940
4471
731
-7098
-5
1691
4680
-2064
-9136
-8365
-5962
6257
6809
7573
4888
9780
7101
-6781
9413
4824
8333
7975
-214
-8284
7217
-9254
5501
-4668
-9483
-2026
3397
-4423
-7556
-5872
-1520
2440
5820
-6841
-9625
6685
-5206
-5587
2941
-8397
-8014
-2172
-8618
9088
1048
-9206
3911
-619
8770
-6304
1097
5986
-5557
-3402
-8682
-5040
4572
4716
538
7016
8844
9018
-544
4664
-7824
-169
1348
-3029
4245
-5712
-1426
6231
2117
-43
5319
-6836
752
-771
2545
-479
2926
-6358
-4493
7370
240
-3175
-7670
-5188
-8460
2868
-8172
-9616
1886
1284
5048
4062
-8885
-3605
-8967
5361
684
-393
1592
-7200
9565
-3090
-4035
317
6140
8510
9838
-935
-7848
-4655
-3566
2393
2170
-1235
7205
3711
-8368
9033
4095
3518
316
-857
-2420
1432
5539
-1387
-3208
-3777
8221
8384
-977
7786
-4707
4989
-1898
-8568
3499
-2060
498
5651
3285
6933
-1957
-4545
-4303
-4753
9166
-2670
-5720
3261
-9152
4596
-7596
-1571
-3972
7943
7042
2820
-5835
5263
1204
3189
3048
6497
-1823
-8851
7930
-8325
-910
-1572
7327
-7626
-4640
-4631
-2170
1058
617
-3005
8389
4897
-9744
9237
-507
-7340
-2334
5521
-9397
-5293
-1659
-5231
9971
9545
7958
3019
6042
-3865
4169
3972
-2189
-6742
-7601
-4862
-4367
-2240
507
3463
8818
-8876
-9542
7206
6022
-9286
6443
-4486
-6625
-5892
-8965
-6021
-1184
-624
-1252
-1213
-1079
-3294
-8195
-5038
2841
5974
8934
-9348
9232
-8667
-4210
-5135
-907
6298
8328
-2089
7423
8786
-4884
3444
9501
-8441
8958
-7124
-4332
9994
-3145
4484
-631
5603
-6729
8291
-7692
-4924
-6747
5150
-8951
-7814
5803
-9719
-6480
-8408
-4854
2613
7891
-6526
-9477
5313
-7740
-4360
-1244
-8240
-2800
-2286
-5363
2868
-2293
1492
-2649
7077
-2905
622
5368
-596
5699
8621
-5446
6749
-9193
-9644
7030
-5673
-8051
-7824
6941
9841
-4350
7465
5153
-2090
-6896
-6091
-329
304
1624
4309
-6829
9332
-4199
523
6409
2896
-8855
1776
-7700
6845
397
-3145
3593
1204
-2789
623
5532
-839
2800
2472
-999
8450
-64
-5846
-3639
3041
-1936
6032
-6655
9688
341
-3483
9020
6142
7041
5428
-962
8187
-2796
1338
5031
7601
8193
-1376
-1196
-4596
9247
-5665
4565
2046
6808
-6434
496
-3256
-2280
6857
9786
5785
2889
-6870
5472
-6771
-352
4491
9371
-3312
-81
-1592
-5125
7123
9747
9906
4723
7940
-1470
-6473
-6657
-2223
-2137
7909
9823
-5329
-8525
319
1415
-805
-2824
1201
-5020
-9935
4331
-9549
-6705
-6022
4943
-7334
667
-5138
1075
5542
-8015
822
5448
6708
-1239
-6023
-9765
2105
1755
-1901
13
1578
2770
1488
-8103
-5815
-9317
-927
5386
-4337
-861
-283
-3885
2434
3696
-8942
5101
-5638
-4080
-3825
9905
-2095
6997
5353
-5386
-4242
9330
-5151
7863
1085
2949
-2125
-7338
-4281
9364
-5441
-96
-9953
3633
-4710
-4289
-7229
5008
1826
5206
-1297
2885
307
3066
8806
6482
2970
-3289
3479
-1678
1325
9238
-2348
6175
7100
8738
-877
-5025
-8601
4842
-5662
-4042
-5254
-5614
9591
37
97
-7638
-4956
-8077
7569
3748
4808
-2125
-3187
3614
-5643
9784
-9676
7837
-1894
1649
7074
5759
-2177
4173
4496
6947
9148
5895
1789
-6514
-8147
6535
-2127
-8557
-3428
7970
-6194
1616
9893
-8626
-4636
4701
-750
2177
-1686
3607
1961
-1362
1443
-9934
-9713
-1484
5825
-1889
-7311
321
-4943
-8163
-3784
6847
-4676
-1931
3381
3197
-487
9954
1166
3319
1569
1059
4694
6934
-4241
-6057
-890
4074
7550
-8929
-7289
-1007
-8863
-7001
7510
6963
1110
-9802
-2716
6168
-7964
3500
3014
-2640
-8432
-3605
-9444
1081
-3652
1723
-5600
7918
-7219
9095
4851
-1459
-6963
-6039
-7386
-9413
-4968
-4674
-420
-3830
-1675
-2910
-6867
9436
-2711
417
5604
-675
-6084
-1382
6686
-4515
5014
7242
6567
-8638
-1035
-9033
9281
1746
-9939
4132
-9713
-6902
8094
-7099
-6315
-6874
-1773
3266
-704
6553
-9645
2430
5989
-2356
-7154
1592
6970
-3237
-9790
3655
2248
5224
897
-1185
6586
9862
-218
5866
1607
-157
-2
1894
2941
-1909
4796
6627
1217
-6977
-107
-9488
9576
248
2942
5564
7893
5789
-2844
4863
-7449
-2634
-1483
4800
-7411
9415
-6385
9176
9276
3397
5042
883
-6761
-4961
-7223
6181
3130
7573
2808
-5654
-9405
-7300
-5141
-9829
2949
7802
5736
842
3591
-7109
-4296
6143
257
4222
942
2847
3636
4557
2022
2912
-2046
-2936
-6206
1193
2103
-3429
-2626
-4767
-5856
-9819
-420
-5260
-7119
4439
-5089
5831
2241
-9353
-3328
-4169
-6462
2376
-8027
3796
-3402
2916
-3358
-9767
-2527
8665
3145
5427
-4272
6940
-3380
7832
-6489
3995
-6936
-2345
4176
2644
2396
7058
-2917
7308
2888
9325
7955
9561
-4844
-8508
1936
-2871
5288
8535
-9955
-8071
8768
-2481
-9406
1913
-7054
-3678
-1147
-433
-5846
2364
-6439
-2782
-9981
7738
9863
2415
4796
-3054
-278
-2316
-3729
-2324
-2756
1427
-832
9181
8556
-5544
7715
8602
-3614
6483
-3880
-3020
-1604
-934
3303
7249
8633
7458
-388
-7806
-5324
-369
9932
-5461
-7954
4728
1485
1768
-7589
7756
9445
-344
-817
-1387
-1164
-2262
3069
-3450
-3660
9456
-6967
2460
-3565
1429
-8474
9739
-1323
-9841
7196
8290
-7647
-8128
-2079
-7715
-3589
-33
7013
7896
-8265
9425
5652
-8821
-920
-5166
-208
7917
2573
-7140
-5534
8914
-7685
-2500
1373
-1249
8929
2900
-1510
-2395
3059
-4314
-4105
5412
-2442
3816
7698
3969
-6217
4711
1865
-4482
4135
-2483
-3303
-6785
2351
6489
-8869
-5076
9350
-4402
-6163
-8335
3098
5211
417
2026
-1890
8907
9632
-8831
-5407
-4473
6582
2151
9343
4279
-3880
-6875
-1011
7985
-1357
-6876
-4499
5341
-3660
7853
1830
-2529
-7223
1179
3070
-3386
2845
-3833
-8175
-6739
8194
-64
-7832
7826
1105
-3239
-6648
-2314
8913
-7305
-8035
-4968
-4179
955
-6983
4465
4079
-1482
-195
-9582
-3629
-8366
-2110
-852
2814
-9041
5763
-4342
-2873
7589
-1081
-4679
-2476
1087
-6854
8629
7849
-3501
-3685
6761
-806
-1720
-8208
5016
9236
-5191
-520
3314
3328
9286
3733
9700
-9081
-8377
-1152
3734
-7417
-5389
9392
-290
-7801
-1689
5031
-277
9399
8178
-1648
7247
-5323
4667
4008
3872
-7053
5801
-1113
-7818
-9390
8367
5497
3939
7652
-770
3638
8572
853
-7515
2305
3436
-2903
1697
-6854
-704
-9992
8178
9019
9407
6355
-2630
6654
-8969
-7963
661
4904
-5016
-3539
-6210
-2834
-2928
-7843
-7337
-8990
9809
1893
4648
8381
-7255
7134
686
6182
-5770
-7617
9328
3526
-7609
7506
2545
-8203
3860
9916
8452
4892
-8048
-887
-205
-3063
5575
3586
4104
-7354
5743
6767
-6344
5552
-1341
8304
3932
1405
5438
-5382
-2413
9669
-2999
-3085
3194
-608
-5580
-4261
1190
8281
-4346
-359
3173
-2393
8755
-7033
4544
4329
6553
-1352
6975
2296
-4586
-9370
-2153
4074
8935
-8221
-4522
4373
-3603
3066
4041
3398
9981
-2765
-7211
-5599
2975
3980
-7319
8630
-6379
5854
-3764
-7625
8822
-9220
6704
5375
-572
3679
-2330
4843
4310
5518
-1084
3245
7297
4395
-2383
-6307
-2540
-8342
7091
-2559
-1106
9881
1842
-8132
3861
4523
-9503
7482
377
-3266
9857
-802
-2486
6561
-5427
6943
240
2243
1785
-5451
-2240
-9299
7795
-4944
5096
-4588
-1250
-7445
-2930
-4159
-4
5964
-4279
-8163
7833
9582
6361
8330
7064
-3263
-4937
6921
5936
2578
3481
-9492
-479
-6279
2752
-8695
-1729
-9488
-7994
-3935
-4431
7103
1477
4319
9658
8548
-9841
-346
4511
-4119
1492
2344
-4537
-2147
673
-7474
4591
5737
9447
526
-1686
2928
1035
7835
6649
-6214
9141
-5081
-5701
-8853
985
-132
8250
-7539
-5814
7908
-8992
-5654
-2438
5520
227
9054
-2137
5691
-3094
8537
8217
-8504
4273
7664
2023
-7413
591
-6942
-9579
-2760
-3155
9563
2159
1144
-9291
-6857
-8989
8960
-4395
-4802
6867
-3386
-455
-5571
-7866
9773
-6518
-2
5463
389
-1466
3680
1886
-7193
1343
-6091
-4606
-8066
-3033
-4185
-826
3812
-4622
-8667
-5045
-3913
-5523
-4033
-4953
82
1166
-8086
6697
-9290
-3657
8831
-9518
-174
-1172
5946
-9786
7363
-374
2101
-9831
-9032
6010
-4437
-7097
-7024
1379
2077
6788
6757
3411
-8257
-7156
7888
-2290
-2109
-2030
8876
-195
-5334
9587
6148
-6503
-9931
-4026
2326
6015
-3812
-312
-4360
8290
-143
-3391
4299
5421
-487
7275
-3201
-8410
4063
-6444
5001
5806
-3600
2889
-6484
4291
-9141
-7609
-5904
-4474
-8022
-9756
-977
-7953
-3782
-8652
8063
2407
1037
-6297
696
-9107
313
-5005
6315
9826
-7730
-6887
-8585
6333
-3330
6417
2139
3070
-695
5655
-2639
164
8047
1458
5690
-9975
1702
-5287
-7928
7921
-3939
-9865
328
7099
-6162
-8976
7992
4152
-3981
4307
3977
-1710
7420
5393
-5377
-5910
1809
6762
7160
-8887
2417
-5479
1278
464
5979
-3033
489
-2319
1681
2562
-4398
7743
2697
5930
4841
6536
6955
2833
687
-7027
-2861
-5336
1264
-5441
-9944
5887
-1351
1865
2649
-4191
2979
-4935
330
-5744
5530
-3691
1224
-3982
3990
-7096
8581
9593
-9354
1278
5522
5488
-2187
2476
-1680
8501
5450
5459
-6836
-3287
-9983
-6780
-7400
-1334
5086
5249
4475
-1936
-9686
-5195
2320
5844
1114
-6457
-8138
-4896
-3552
-9557
-5304
-2905
1721
-9782
-7418
9534
2695
902
8034
-1856
-3639
-8802
4858
-3622
-5582
7459
5045
9504
2707
-480
-2433
3022
4325
9888
-1134
-4561
-6569
729
543
-121
1172
5239
6975
-7108
5458
9557
-7574
-1848
459
-9540
6297
6820
-8342
1154
-6803
-3923
-1387
8243
-4420
-8680
-2238
3148
4342
-7913
3036
-6792
-2474
6467
3937
8069
-3654
-4892
3308
-6679
-1999
-1235
-7123
427
6917
3336
888
3213
156
2546
-5632
3354
8623
2981
1596
-5797
4301
9358
7352
-1357
-8555
387
1851
-1029
-3146
-4213
-2961
3201
896
-9653
6522
8897
-887
9399
-676
-3970
2735
-9789
9244
-7109
2758
-6389
6245
1381
6592
-2160
5584
893
-2802
2935
9536
-1357
-6678
1386
7614
176
7174
-5347
-6624
-1931
-4999
9898
-3034
4114
9297
6290
-9857
2032
6502
9387
4923
-740
-7003
1167
-9360
9590
9008
6224
482
-3795
-841
17
4849
2481
-8597
2463
-7343
8577
7117
-3966
-3354
-7883
-4068
3613
6232
-4771
-97
6375
7261
-3596
5762
2184
5664
8759
-6649
6305
8348
-7642
2528
-1171
-1436
-8313
8847
-6587
4169
-9751
5876
6827
8827
2992
-7140
-4527
5110
-1207
9086
1341
4022
-1012
-2284
1282
5393
-6523
-6534
1056
-7764
-3183
-2639
-9417
-825
9889
-587
7740
-8424
-1740
-8848
5746
-1491
7029
2572
-2664
21
5432
2809
-4870
-5776
1894
6472
8247
-9119
-5813
-472
6274
-2335
2995
-2670
-99
9812
4691
485
-1013
4580
9899
-3274
6157
-1842
-2121
1902
6667
-5093
-5527
-5997
4928
9906
6812
-9942
-5870
-1295
6531
-7624
-414
-9283
1905
-4140
-1617
-5101
3191
8284
-5290
-2119
-1232
3698
-7539
-1333
-9577
8618
6825
-1697
520
3492
3210
4993
7495
-1862
4899
4306
-1804
9029
-6990
-5274
-8595
2597
-4556
3310
8458
3828
8210
1648
2111
-7081
9530
-9121
6618
-8009
-454
7042
-9392
-3630
-4656
1129
9863
8554
-3879
7357
-3308
-8981
1662
4888
-9952
4673
9615
-8547
-2730
-4941
4763
-4273
8887
2972
7376
998
5892
6905
1877
2510
8897
-8577
-449
9506
-2206
4895
634
-2344
3449
6755
-4988
-9860
7775
6675
5029
7823
1347
4643
9276
8618
9703
4039
-5656
8590
-2989
-8280
-413
-7097
8626
-8536
5413
7522
-7112
-5037
7027
682
9859
-2340
8339
3307
-5585
-6650
3447
-7811
-9975
-1525
-9988
1372
-6882
9289
-10
-7179
3328
4334
-8590
-9662
6055
998
-6758
4680
2462
8656
2201
5351
-6381
-773
-3968
-6523
6888
-5630
6784
-8698
-2279
231
-6508
-2254
8707
-6496
9119
-8175
-7208
-892
-5354
6120
-6558
-3943
6459
9497
7055
9702
4176
-483
8357
-3623
-5133
-8025
5605
900
-4548
2492
5271
-7764
3795
-7009
2467
7287
738
1173
-9209
-143
2998
-6416
8965
7645
9704
-7593
-6299
6163
-8096
-9244
5864
6080
274
4221
-7543
5142
6196
8062
-3958
-8353
553
-8688
-6116
-5653
-5696
6351
-8366
5043
-2476
-7575
-5101
-9478
-3991
-6136
8167
-4287
-3728
-8132
-8125
-1824
-7375
7740
-5745
2899
1960
-3287
-1960
-1844
-5226
4083
-196
5327
5395
3688
9675
9700
38
-8692
4742
7562
-6267
9641
8084
-258
-6495
6251
5456
-223
8119
7332
7953
-9257
5071
-7792
3643
-2969
-1079
-8317
5187
3695
5766
-5010
-978
1160
8678
-1304
859
-1284
5
-4399
-3722
3739
-4759
-5638
-6519
-1253
-9388
8937
8524
8732
6268
6477
9475
1339
8685
3118
8370
-2394
4801
3557
-8700
566
8548
323
-8274
7226
9020
2586
-4059
-976
8187
2219
-7238
-6572
6581
-3757
2176
7194
-4820
699
5925
-8553
-2825
5400
2786
-4140
-1482
1156
3466
-6682
-5287
4767
3885
-6740
-4911
5612
-9515
-5891
-1803
-3573
3133
-3616
8647
5896
-187
5228
-7861
-8011
2421
-2681
2689
-1654
-1233
9865
-6254
-8447
-4276
2264
2710
9191
5583
7423
3958
-533
-9317
9048
-4922
-8832
-6844
3276
-2404
6289
9661
-3758
2185
-526
-8530
4324
1464
3891
-8357
-5848
-7763
411
-5984
-4016
1964
-260
8248
-5327
-1069
3831
-7905
-7112
-6703
-7222
-8065
-1624
-6053
-4909
-8348
1544
-8620
-8687
7786
3565
788
9256
-2111
-7749
3147
-467
-3597
5385
9944
420
-8631
1907
-9841
9617
6581
-909
3448
8677
1979
6746
-8545
3915
-4879
-4597
9006
-3226
6947
-9614
-1912
4733
3951
8877
3989
-8160
-8873
-2864
1374
-2469
-7479
1317
7951
-6110
-6776
8111
-6493
9806
-2798
6955
8482
9181
3700
9938
3095
8822
-4660
2101
-4405
-7713
2487
3684
7020
-3562
2560
1008
-1722
3688
8145
9652
-8781
-9335
969
9171
-5445
4194
7281
-1938
3999
-5518
-4984
2480
-6337
8716
2417
6759
7537
7758
-1141
-6868
-9956
-8655
6816
7064
-2216
-624
-1928
6063
-6937
-3784
5715
-5718
-3118
-3317
-6547
1437
-9124
-9267
9499
4876
-4784
-5485
-2645
-1120
-6770
9773
-4362
-9233
7531
4498
-6100
7575
5844
-9284
4639
-6373
92
-7289
9690
3156
-1072
5404
7439
5810
-7913
-9109
-2754
-7036
-8375
-3255
7840
-3158
1260
-4805
5722
4491
-5032
-8640
5258
-7501
5858
9159
-9927
1702
9875
4713
5329
-33
7425
5019
-6877
-3648
423
-9439
-7839
2511
-8547
-592
5475
-6922
6153
3315
-79
-2587
8511
-4357
-8097
-6521
-2996
7162
-4022
-7138
6320
-3948
4564
6195
-9236
-108
-3838
8190
-5090
-715
-5459
5334
-154
-3297
-2156
1300
6111
-6681
4379
2264
6634
-5701
9677
5145
-57
-8420
8624
6947
8743
-5399
9809
5063
654
4372
1257
1419
-5736
7419
-392
-825
-3296
4149
-5492
6551
-9149
2352
-2150
6963
5671
-7772
-774
2305
-3472
-1097
-2551
6471
484
-3927
3418
-774
674
3227
-5712
-8672
-2402
5546
2747
1862
2965
-7646
-8963
9669
6504
-4455
6219
7356
7897
-5932
4318
3567
-3703
-6456
-4129
2826
2448
3321
-703
-7069
9394
-7286
2157
68
5941
6446
1396
-6461
1991
-5857
5402
-5045
-3503
6439
-5377
-6999
-8017
-9159
-9644
9881
-5090
4675
3448
1208
8219
9320
-5966
667
2640
3331
3598
2033
6046
-4245
-7899
1987
-7800
3498
5527
4192
7641
928
9147
-5862
-2633
-6231
-2861
-649
-5389
-2505
-769
-478
-7831
-7322
-9270
-9612
-8003
-5236
1055
4638
8096
-5347
-3330
4141
409
-1228
-3872
2610
-7731
-8346
-3199
9910
2583
-4053
-5953
9950
-283
1187
-700
4329
8682
8531
-6149
-9149
-8791
-5419
-8760
-6794
-654
2296
7844
-2559
6950
-5486
-8418
-2642
3287
-2290
9969
5556
-635
-3231
5466
-8053
2717
9514
-8103
-7566
700
1197
6763
-618
-272
-9386
233
938
-4805
1474
4145
4542
-6231
1989
-8017
-9282
6504
-6435
-1923
-210
1276
-1955
-4654
-9360
4815
-9188
-7412
-2469
-9675
-5515
-34
1026
5683
-3272
-9593
-4589
-2657
641
6349
2538
-7886
494
-2920
-4116
-7518
-937
-3398
8986
2629
4680
-1225
-6096
-7275
4121
-5455
7540
4933
-2866
-4929
5259
1620
5037
-3716
-2697
-8235
-3308
2714
-892
7334
-937
-8354
9448
9557
-1273
-4668
-7962
7790
1935
-8976
418
-3386
-201
4323
-661
-6080
8868
-3121
8854
-3998
1950
4113
7622
-3013
-9603
-5076
-1247
-2911
7639
7861
-5578
-3298
9508
-6130
-3742
-1766
-798
-1703
-3976
-8863
-678
6442
-2249
9122
764
7091
-6959
-368
-6030
-8105
5634
5921
6009
3256
-7093
6406
8180
1660
-6505
5819
-479
-2082
-7480
-971
1788
-1221
7264
-9010
7077
-6713
-7873
-3602
9730
-121
-4481
494
-3030
-1439
-9875
940
457
5760
-3140
-3535
-984
-232
-7130
-2804
-8572
-3634
-6986
950
4284
-4466
9980
-3928
4313
7243
-2938
1389
-9470
-810
7788
-9741
9070
-6694
753
-3960
1867
879
6981
-7677
-3361
-6159
-1211
5655
3609
1660
-7150
5038
8026
-4136
-4013
2309
1399
-4033
8382
-4288
-6791
-4557
7102
-6261
4634
4889
-6001
3704
8195
4752
9744
62
-4370
6724
2386
2269
-9436
-8825
-2076
4174
2835
774
-789
861
6638
5199
-6830
-1964
-8835
-8449
3749
-5625
-3005
850
-1885
-8372
-4262
2114
5333
-6067
-3135
5076
3996
2496
1800
-3619
-5235
2364
-2443
2689
-3463
-9609
-6538
5749
1253
-9900
947
4423
-1863
2113
5974
-8115
6488
-7031
2735
-5398
-5402
8474
6717
9931
-7594
-6418
5006
6402
6078
-3195
-7217
-9158
9170
340
3532
-4293
732
6994
-8545
-8016
7095
2403
6407
-4769
-5485
2381
-2883
-8997
5350
9852
-4394
9948
8326
-7678
9879
-9269
-4096
4884
7134
-8018
-8311
9917
-7175
-9142
257
6357
-3435
-9012
3351
-1979
-7027
445
-9577
9381
5677
-5061
1762
-7206
-4057
-2888
-7354
1549
-2940
-9029
3872
-3062
-8298
9777
-8179
8836
-8242
-6489
8753
-5416
-5630
-990
-9060
936
-1
4292
8957
2972
-5263
9381
2352
-9587
-5681
-5886
-6792
262
1226
-4146
-8189
8286
-3175
5683
-4777
-1472
5460
-2955
-2636
7218
556
-3884
-8199
4927
5127
-7258
-4138
-4875
7034
-5182
8097
-8230
-5801
449
-7816
-1481
4563
-4608
8781
-4211
1247
-9408
-5926
8072
6275
-702
-3401
1735
6343
3963
-1048
-3101
-9921
754
-8175
5206
3497
-2313
-9669
530
2506
8428
2301
6706
-1123
4486
-4776
-6560
9879
-5995
-771
1125
-5403
3304
-803
-9128
-7399
5797
2607
8944
-240
-8441
-4157
-161
2314
-2332
-4955
-4190
5356
-4623
6341
-2138
-6195
-1358
-5433
2683
-6872
-208
6123
-6994
3797
-4648
4132
8394
8657
-6672
9266
-8743
9125
1873
-9799
-1116
3432
-3955
8724
-4254
3714
-6231
1556
-931
-854
-2103
6932
2951
6539
-8501
-4366
9667
1291
-8244
-7327
-4913
-2891
6805
-6519
-4235
-9867
-7253
-2977
9258
4620
-2775
-1858
-1948
3270
-3135
3798
-3017
635
-4646
6053
9781
3251
2985
2732
-210
4484
8366
-543
-4225
-9878
2130
863
-2768
-1066
4344
2998
-932
7092
-9980
-1675
1712
-2754
6467
9764
-9484
-6668
3562
-2500
3967
8917
-6448
3748
2167
6538
-3520
-8043
1022
-5154
1414
6797
-5031
-6457
-2340
2201
2478
-7996
-4802
-8455
9096
-4781
-129
807
2466
-3662
571
2982
-330
-5867
-9519
-6363
-6951
-5966
7385
5217
-9429
-6135
7174
1593
-1288
-1412
-1610
3681
2132
6051
-4118
-5391
8055
1080
-3845
7150
6300
6027
-2043
-1235
-7636
8528
-8254
2035
-7339
-7772
5672
-4290
-3738
3057
-9074
-3166
6923
8101
8428
-4366
-3312
-3182
9315
8820
-7132
-4804
-6571
-9078
6277
-415
8073
2577
-4389
-3971
-8658
-2024
-5443
-6911
-9990
-2782
-4683
5682
2928
1579
-1261
3855
8413
-4339
1956
6841
1295
8645
-6342
610
7465
-3474
5807
-9106
-2552
2084
479
-4480
-5339
6091
1550
-3997
-5934
6107
-908
-5923
-6675
4409
9760
6254
-4012
-1502
109
-5599
4160
-7936
-8759
-4546
-9292
-5101
6065
8174
1426
1872
9068
8875
-6045
-454
-5605
-1383
-4363
5945
4620
-297
2052
-6289
3781
5377
8121
3540
1631
-5891
-7963
-8261
-1490
6198
-6197
-249
-8348
-5488
4651
7717
-7315
-3924
-412
-8248
-5050
3544
1299
-654
-7839
6936
-4710
6781
-3361
7343
-9508
-9581
2719
8614
3960
-5650
-7278
5998
-3911
1232
2195
-107
-9017
3847
4405
5635
1563
7091
-8289
-8849
8844
-3338
4696
142
6008
6857
-2922
-8703
3638
3718
8640
4131
4138
1359
2744
-1903
5709
5466
-5906
-8203
-3302
6289
1691
-2319
136
-3905
-6684
-8302
-6814
-4973
-7150
-7971
1689
7547
2172
-2304
4404
9251
-1007
-1958
2968
-2367
-7828
-2894
8993
4917
5203
4702
383
9298
6500
7081
5587
-1810
-5238
-4278
4285
-1922
-2579
7472
3105
271
9501
-5206
-2182
1673
2490
-7778
923
-8517
264
-6109
-883
2437
997
-1891
-2646
-3800
-7190
7737
-4503
9310
4817
-8917
-2500
9580
-3195
-8215
-2342
4226
9257
-9237
-5503
8758
-4443
2315
430
8047
4538
-8647
9531
-5198
-4756
-1353
7240
6242
6757
-5407
-7559
9567
-7671
-2062
8877
7147
-979
-3623
6726
5827
-1838
-5617
52
-2582
-4854
4549
-3825
704
-3136
6606
-1249
-8598
7959
-1719
-3796
-6797
6928
-6557
9445
3684
-1963
-8115
3251
366
-177
2128
-2488
8845
8505
-5762
4671
-3333
-1378
-5277
4085
3769
9273
-9740
-5528
-3864
6866
3223
-2461
4825
-8497
3744
8028
8432
7188
7472
2116
-4776
9358
-4633
5590
-819
7496
-6898
-1975
6001
-2660
-7304
-7333
5963
-2581
6753
-269
-3308
7014
4203
2828
3880
-2574
-9633
-1296
-1070
4111
-3268
-2639
1298
-5796
9478
6522
-6439
-5155
2112
2742
-7660
5215
-9233
8342
-7446
-6536
-8992
8518
884
7762
-1752
7576
4775
-7549
404
-1346
-123
771
7359
8807
-5118
-5910
-3832
6180
-1706
-4354
2702
1856
491
-5187
-5402
2832
-9973
-4634
1173
-7418
-1170
2182
-8900
9714
-56
-652
7289
-5281
1799
-2307
3373
-8325
8464
731
-9518
-6655
4822
-3350
9526
-6884
2296
2227
4972
-7213
7041
9571
5619
7069
-5064
-3208
9652
3766
8975
-9249
3480
-1081
99
768
3638
-8102
8461
-2990
-6427
6925
7742
-5945
-9730
2564
706
9796
5680
-6999
2023
652
-4211
-936
222
-8592
-3868
5159
-1800
-4216
-1076
-2825
-3465
-7597
6094
6635
3172
-268
8533
1633
6742
-7894
-1442
4484
-3838
-1172
-2952
6868
-1376
-7272
9870
-9353
3380
-4341
-289
-6398
-2933
5844
8761
5268
-8373
-2315
-7558
-1837
89
8537
-5203
-6739
-1732
-6670
4895
-4990
-4563
-6548
9495
1599
2281
-3458
-1533
-9095
-730
-1663
-8448
-7350
3997
1264
-3747
-8937
-2893
-4987
6331
-1266
2699
8774
6897
-7213
7311
-8306
-3951
-4421
-4976
-9057
590
462
-5604
84
-7939
6678
6627
528
7583
-4103
8866
9136
-1453
2863
400
4801
3926
7507
9815
257
-3760
2513
-969
-6863
5301
-3659
-5168
-8651
1921
-144
-7707
-7490
-9682
-3311
2595
-7621
-6633
-778
2908
-9050
5119
1773
-9915
-6334
-5364
485
8467
8562
-2008
8281
-1181
4233
794
7850
7370
-3906
-5809
-7799
-2556
6112
2058
-262
8623
2376
6428
1217
4755
9795
-9561
-2338
-9256
5558
9436
-9171
9224
-5929
1315
7691
-7367
9308
5972
1452
3540
-3235
-698
910
2860
3493
3112
-9696
-395
-4830
42
-1773
7546
-3531
9445
2301
-3737
9884
9964
-2993
5442
9400
-2163
4666
-6529
9153
2356
-3895
8460
-1673
7558
2000
5093
-3141
-7091
-2048
-9649
6021
-1743
-43
-8810
8299
8185
8737
-5232
7630
1038
1032
7514
1002
8040
2955
401
-4123
-2380
3873
-4970
9977
9979
-6511
-1696
7536
5490
-6604
-5606
8399
1349
-5254
4420
9606
4703
5610
7905
2888
4347
-7327
517
-4616
3705
-1970
6387
1745
-9015
-3212
7622
-1394
-9340
-7349
-1418
-9362
-3859
6887
8175
-8370
-9717
-7432
-9971
1632
-2685
4449
1238
-7982
59
-857
4906
-5595
1817
-4577
-210
-4478
3453
-3823
7267
4439
2965
4889
-6956
3625
7540
1627
4264
-6319
-1487
2439
-4689
-1204
5007
-4659
-9572
-7678
9790
1666
-5660
-151
-9191
9247
4255
2626
-5331
-5956
8148
8123
222
5415
2561
-6814
303
5605
6812
-2157
-2768
1076
1524
5745
-6486
6836
-5459
8522
-7824
-5031
-9157
-8034
6636
-4816
1815
7446
-5570
-3931
72
-901
114
-1780
-2779
-9665
-6366
9783
-6479
3937
5388
-9668
-8220
-7381
1408
3304
8364
4922
140
-7095
3444
2317
-2126
4287
4283
-5490
9471
-3903
-8044
-6099
2167
2028
3001
-7720
-9753
-9778
-7385
-6119
-9996
-3863
7819
5392
-3530
9599
8011
7879
2903
6375
2801
-6957
9280
-3756
5360
-2846
-9470
-358
1665
-9999
5740
3621
-6098
-2094
-4352
6904
186
-4105
7126
2802
-223
7130
8940
-2404
2522
-4591
-2805
532
-6713
-9903
-3093
6088
-6860
-3813
-7668
8501
3341
-7138
-1858
-4994
-7136
-6118
8627
-3233
1788
-5725
-6330
-8026
171
-9205
4777
9948
7926
3716
-2457
447
9126
4738
-9021
-7587
4836
-2114
8502
7977
4074
-9167
6477
-2586
-6304
-5381
2421
-3439
-1499
1047
3328
-9711
5323
6999
-7737
-4507
7794
7041
-4559
5720
757
2985
-3834
-118
-2278
-2854
2296
-7442
5033
797
-9465
-894
1631
7012
6521
5328
-8369
-1059
-8112
133
9989
5216
423
5312
2214
2686
-9196
8
-273
-3754
-4273
-9517
9231
1894
366
-3047
9041
-7338
-489
4074
3459
46
-6821
-4910
-2942
9701
-9583
-1310
-1358
-7695
8824
-1370
7522
-754
-6058
-264
-8068
-5254
9744
1659
993
-4529
2143
223
7366
-7492
7176
6407
-4830
-3314
480
8630
6733
3660
-6280
-6209
3360
-5863
2481
-7999
-3557
1305
632
-6035
-9450
4574
3701
-7518
9321
3444
4141
313
8916
-3716
-9465
6282
-1207
7712
2688
3963
-5602
-6832
2593
-8870
6828
6314
-5078
187
-9549
7404
2188
-3106
-1292
-7180
859
-742
7394
-5440
1741
6714
8005
-4118
-2973
6920
2166
-2438
3202
-9042
-4727
-4110
4922
-329
-942
-2485
802
-4114
-6172
5725
6074
-5721
3128
-1738
1174
-8165
1082
-7967
1094
-1525
-3406
-7166
-4811
-5402
-1284
2216
-8482
-9119
9779
4720
-8161
-4948
-9390
6762
4724
-331
-5724
-4474
5555
-1896
-8750
1628
2384
4378
9890
-6442
6214
972
-4408
-2693
9447
2186
142
-5364
6784
8858
6852
8302
9740
6631
3022
-8421
-8318
3633
8341
6407
-6699
-7384
-8068
8857
721
-6818
485
-6895
7560
375
-3337
3773
-8654
2255
-8920
-9207
-5559
1222
-4571
-8776
80
-7719
9527
-180
8913
2549
1399
-9406
-3819
-260
7002
-517
2357
8934
-1661
-6922
-7885
8824
-3817
9676
-801
2847
3449
545
-4899
4529
1339
-457
-4249
6768
767
5832
9050
294
-4348
7962
-7158
7052
8557
-976
-3209
5558
8507
9149
4491
-3155
-7774
6607
-4331
-1590
6282
4869
-8744
-270
-4586
-3642
-5741
6753
5901
11
3520
-3332
-4157
2570
6962
1495
532
9805
-1453
-912
-1172
5338
-5354
-2666
4487
9138
4180
6714
5744
9850
-4877
2026
4718
-3621
-8244
-9869
2737
-3984
6884
-1362
6028
404
5306
-8130
-7026
2268
3366
3506
2073
-8088
-7407
-9100
7251
-2760
-1765
1738
-3623
-7585
-1549
-7880
-7735
3574
4147
6983
9954
5903
7115
2691
-8082
3999
-8672
7946
-5597
6635
9817
-2622
-1098
3182
-9117
-9026
5095
-6523
-8125
2346
717
111
-5917
7094
2526
2534
9215
4791
-3892
3361
1774
-3939
-736
-1111
8752
1182
-7112
-9921
-872
-2709
6714
-1055
4669
-4384
-7873
5553
-3409
7222
9030
-1533
-432
-253
8578
3651
-3159
1104
-3816
-3944
-4105
2292
9418
7670
8354
-1319
-3442
7105
9864
-553
7185
-1008
6739
3899
7937
1407
9515
-9937
-3040
-3894
7286
-4010
4573
-3147
5737
3151
-9497
-7423
-5746
-3312
-1366
150
8981
-1949
-2181
7334
6732
4378
4439
6596
-6176
1623
-4413
-9438
-4479
-6477
1970
-4964
-6413
8930
1143
-9128
-5080
-4284
-2275
-9344
8867
-1771
-6766
-6879
4918
1868
3272
3898
9920
-8910
1232
6651
5469
-4330
3246
9293
7294
8834
9856
-7186
-7644
1825
-2149
-4056
755
8995
-3184
5676
-5290
4542
6332
-6423
-7229
9567
-3301
7689
1435
9971
1587
1354
-8940
-7182
-1995
6529
-1512
-8750
5822
-4219
-9916
5678
-1404
-7560
-2498
6448
-1616
8258
5443
5201
3933
-9848
-257
265
-6270
2514
-168
429
202
-8734
399
-8211
2621
1460
-5393
-9375
-2011
3096
-8124
-6189
8878
-8040
9489
-2526
-5599
-3009
-6078
2786
-4751
9365
-2014
9182
9518
7729
-553
-6753
243
9280
3676
-9555
-9455
-5925
-7766
3167
5535
-3159
3792
-6477
9938
5668
-2666
8815
7629
-3178
-3711
-7971
3814
211
4815
9063
-424
-7199
8245
-907
-9471
-2309
2341
772
-3030
-3984
1217
-2484
92
3452
-9318
-4374
-9708
4475
-850
-9770
143
6485
9046
-2229
-6693
-4666
-199
7121
5546
-5385
6183
-4879
-2584
4427
4214
-2054
-7882
-3446
8719
-911
2571
-64
6606
-7338
-6613
7289
-1711
-6320
1763
7439
-6090
-8095
3923
-7045
-323
7230
-1710
9478
4350
-6165
-5907
533
-1044
1510
-5041
-6830
9457
-2922
-275
8175
6167
-7705
-1889
2772
-5042
1498
60
3247
5179
-8177
686
9089
-6271
-5392
-7956
3406
-8162
334
2884
6189
4170
6977
-3279
-6875
-1513
1681
-3705
-2057
8760
6020
-3883
4927
8316
4228
-2301
-6726
-4274
7760
6522
-9096
9583
-2793
9994
-6689
1816
-7962
6718
3654
2373
-399
-157
-3458
-3422
6565
-332
5065
-1754
5963
-6993
-2995
1983
-875
-8069
299
-6647
-370
3574
-920
-2611
95
-15
-3028
7302
-22
284
-883
2017
-2999
-7229
-5610
6603
2614
932
-6819
-822
-9401
8246
7424
6563
-8747
-5571
-1454
379
-3639
8846
3732
5992
2419
-7189
-6619
-7487
2796
353
9816
-7226
-9364
-1068
4792
-2362
1703
9182
-5759
-5683
113
-2577
3496
713
-4331
919
-2725
-3078
5349
5822
7301
-8291
4667
1033
7701
-2914
3845
-8918
-401
-3360
1435
-586
-585
2072
8347
-5794
9711
50
-6613
-6048
4367
3501
1375
-2138
-5787
7044
8782
1489
-6034
4131
-2690
-8733
5841
-8023
2301
3542
-937
-3855
4624
8663
2785
-3942
-1923
-7800
8131
-3576
-3594
7842
6474
-207
-8207
840
-6706
3169
8703
-2493
212
7485
8997
4179
1615
-3693
5446
-2545
-1716
-2253
-9004
7348
3892
5620
6011
-3323
-8322
-5912
-1123
9809
512
5283
7651
-3015
-4924
9444
7826
-1630
2612
6528
5878
-7176
4013
4874
7003
-4373
-8820
2449
3082
-535
-9805
4079
-3187
4088
-302
-7177
-9236
1377
-3088
-359
1186
7424
-5076
-1164
-5592
1
-1721
-7766
8372
-9109
8763
4249
-6285
2775
-877
-9282
8402
304
3168
1484
9769
3364
-4438
-3418
-2549
5261
-595
-1785
-3363
6317
7857
7823
3741
-7219
-3342
8149
2782
4938
-9617
1154
5829
9146
-4597
9545
1920
4526
-9737
322
-5171
3431
-8194
-5402
-3205
-2631
1180
4246
-7371
-9415
-7539
-733
6903
-9682
-2911
643
-6900
3748
-1208
5882
-1315
-825
-2964
-5486
-1679
2439
-5941
-9759
-3035
-5678
563
1795
7754
2370
6393
-5452
9739
-2427
8795
-7632
-1841
-8744
1635
-4939
-8426
8724
5705
-5326
2472
-5504
-9444
-8843
3672
-2407
-4328
-8008
-9969
-269
-7767
-3004
4054
2797
8792
1808
-4833
5185
6357
-5095
-7243
5151
-2727
916
6408
8909
5978
7982
7632
1682
-7344
104
6179
-6787
1261
-150
806
6933
1843
838
-3336
4077
7835
-9283
-3126
6626
2526
2041
1810
-1118
6947
4568
-5967
-5780
-4516
-9560
-6872
-8539
8423
-9240
3144
-8921
865
-678
-5708
-7875
9173
5099
9059
1015
-4063
-4278
-4908
-6228
-3560
1967
-9603
8966
-5993
2208
-2152
-9046
-3225
1881
-4825
2260
2321
-1696
3721
744
-936
-3136
1823
9930
6187
6116
-7946
5359
1214
-8888
-3626
7152
-3165
1466
-9077
3276
-6568
-8679
2242
-2560
3529
-9911
-1605
-9696
1971
3570
2564
-5708
-8126
-3715
5036
939
3150
-3142
868
-664
-7027
2922
-5306
4188
4035
1068
1339
-9130
-7466
2262
4146
-4033
3584
-3613
3407
-2888
-3523
-8198
-2583
8448
5373
9982
-7261
7247
-3734
7775
-1815
9416
-5367
9053
-1249
-2394
1975
3446
-8207
-3991
-5486
3133
-3120
-2952
-4605
-8975
3016
8979
-2587
-3578
-3909
3891
-1775
3509
2338
-6403
3490
5078
-9157
9757
2853
-972
9172
7486
-1919
-2077
-4908
-9945
-8631
-3114
-3936
-4117
-9981
2945
2932
-4586
3970
-4053
-5607
-8617
2370
484
5274
-9406
-6008
-2388
-5808
7483
-7310
-4965
7239
5543
4064
6411
3029
-7856
-5666
8122
-7801
-4297
-4993
-1736
1587
-4974
-8792
-5481
441
5179
467
4834
6563
-7164
-4682
1837
-6569
-689
9450
-2376
-3207
-7861
2659
-5969
7683
-3277
-9558
711
-1132
-5224
-1168
1068
480
3840
9333
-7933
8866
-9459
-3414
-693
5720
7053
-5860
2283
9890
-542
-5881
-6679
8769
-6432
945
-4438
-4292
-6396
-406
-6610
327
36
4102
9196
4813
-7066
263
-4707
6774
-405
-2640
5640
136
3947
-5054
-4144
999
-914
8140
889
8545
-7742
4210
7314
-4173
-4846
-7124
1535
-1241
2470
4926
9087
-7494
-973
8282
7320
1961
-1455
-7388
-1265
8140
-27
-5625
-1724
-6081
-679
4133
4919
8408
2272
-4193
6953
4531
-9983
4267
-9643
-4828
7143
1893
3931
-387
-3181
3017
2120
5847
1299
-561
-2192
9844
2052
6543
7984
-7976
-9083
-3740
-4057
239
-9608
-9139
-1354
2665
-3331
-4401
-2805
-3314
9866
-2447
1858
7008
9447
-4212
-3379
-3735
8806
8741
-7889
105
-1821
-81
-51
-9770
-3538
-2067
-7745
-2620
4193
-1802
7619
4586
-940
-3735
-2750
5729
1864
4445
-7585
1729
-8002
4273
-1263
-8556
-9939
5358
-2291
8868
4099
-179
-1028
-7722
9740
8922
-7491
-3798
-3146
-5236
3582
-8953
2963
1200
5633
-7978
7465
-7117
7752
-671
7328
-9834
-8943
9326
4439
-205
-9230
4501
-4847
-1521
3368
9252
8300
-7660
-8471
8040
-8739
-5961
-5758
-1884
-1197
7824
-837
-8235
-976
-5205
-6213
-3511
-2322
-8461
5818
-4994
-8295
6876
-5668
6145
-3329
-4898
645
1824
3582
-5987
1076
1882
-3647
2606
-78
-2385
6645
4164
5731
-4553
1988
-5107
-2787
-8989
-311
1001
-2499
7368
2540
-6682
-7626
4245
-9806
-3294
389
-3135
1809
-8966
8690
-4610
-4953
-235
7273
1401
-7629
-2806
9016
9016
-8642
4746
-5537
3346
9640
1676
4358
-671
-7324
-8142
-3304
5216
-4823
-930
-539
-4628
5777
9851
2238
-2415
-9116
927
2976
-4068
-9308
248
7333
-6937
7442
6348
-7922
8801
1094
-3459
2146
734
8218
-3496
-9938
-9106
-1637
-3241
6110
3541
5830
-4429
8913
1607
-4579
1150
9192
-3694
-7924
2168
2238
-7231
-7585
-430
-4168
9858
-4082
-2089
8658
7012
4453
804
-2255
2670
7308
-2192
3564
-4329
4568
-326
9212
398
5246
8124
-7996
-9333
-726
-8804
-3027
1351
3364
9212
4120
5780
-1219
9952
5638
4699
-2138
4296
1711
-7685
-4901
9457
4985
-7593
-2735
-1451
-1922
-8167
8223
-2711
2231
3468
-4587
4235
4135
4688
5431
-8892
-3962
-1205
-9681
-9843
-5425
-899
-9891
-9788
-6200
-2028
4508
5512
287
9608
4968
-4728
-7986
-7767
3821
93
-5934
2044
7383
6297
-4488
-7204
532
9648
7484
-4038
-9245
-6479
4758
-8925
-6321
9333
177
-6211
9546
3977
1761
4053
-511
-7952
3661
-5543
-2680
5676
-3310
-8859
-4232
756
3185
-6849
-2947
8697
-4053
7585
8344
-6570
-6453
9100
-3048
8305
-9825
632
7638
352
4421
7183
-5671
-3818
1236
3819
-1770
-5103
8276
5551
-9428
-5035
6692
-3659
5721
-124
-508
-7226
-1427
5439
-9642
-3083
8870
-6095
-3983
-4178
-7791
-3807
6454
9848
6546
875
7031
-9126
7057
-1734
4694
-4713
3163
2969
-9163
3736
7934
7529
-9924
3655
-2595
-432
6429
5979
-4993
6787
-7104
-6123
-9309
-1087
-300
-7099
5106
-3847
-7251
1651
7028
9780
2526
4085
-1954
-2781
9372
-8791
-9812
-9792
4945
8122
7738
5021
1777
-4857
-5411
-1795
-8878
-403
-5008
-5982
3474
-4316
2932
-6826
-1414
-1962
-673
1335
9690
-3645
1114
2216
-9560
9160
9436
9812
-9631
9624
-9980
5314
7745
7759
335
-479
-7098
4924
7727
-5975
-5480
-7281
-1956
7995
-1597
-9025
-8832
6989
-986
496
-1676
-1297
6852
9438
-9082
7292
8598
-9647
7104
8968
9977
7125
4281
7722
4884
-5385
-2757
7786
9539
-5030
-8189
-5941
-2311
-145
-7947
6092
830
-6778
3081
9845
3718
-8596
-1453
569
-9158
-534
-2139
9441
-180
-5036
8409
-203
-7912
2689
-2481
6972
7305
4762
4758
6844
9733
6569
-9098
-2579
-3577
-7044
-6487
7254
-3822
6595
7099
9897
8000
-4355
466
8843
5112
8327
8284
-5069
-6710
6692
4728
-4621
-620
-7753
-7649
-3315
7009
7110
-6472
6741
3679
-5569
-5838
-9898
-2613
-2325
7357
3566
-5731
4455
3463
-7731
-9900
-6072
-8889
5212
-7746
9395
-9857
-4455
6086
4872
925
-4534
7119
3277
2151
4128
386
5679
869
-5936
-9891
5031
-5833
-2503
-7294
-8477
-8937
-3024
5978
4526
-755
6078
8455
356
1290
-9291
-250
1433
-3746
-4164
-3696
7180
1302
-6578
456
-6547
7551
-9158
9132
-1581
-5093
9242
-6551
-926
-3261
-3845
598
-2197
3132
-3425
-7671
-7624
-7347
-9217
2733
3943
-8508
-7517
-4624
-2253
-1681
1680
-5074
9622
5103
5383
-6926
2653
6225
-7794
-8929
-8868
-8553
-5479
207
-1813
677
-9196
5990
-6192
-2621
8320
-3815
33
9103
8918
-6024
-9405
-8600
-648
-1658
-281
-8968
3269
-660
6135
-1349
2415
-1212
-5124
4621
-140
-3991
6069
4382
6216
-5745
-4942
7020
-9755
-1134
-5601
8565
5051
4433
7668
3968
8409
8263
5369
-2240
-3395
-4912
-1208
9875
4428
-5073
-1475
-3157
3716
3402
-8537
-6424
9412
7532
7958
5627
-8214
-6985
2647
-7968
1882
7047
-9403
-3067
1479
8266
-9099
-113
6529
6270
7648
-6867
-8643
-3560
-6993
5786
1368
1533
-7372
-4916
-5065
-5909
-1340
-5654
-8378
-3382
9974
-6591
-367
2621
-4558
-8485
-333
-3961
-1552
-8854
-5696
-651
1034
-9167
-4381
-1319
-6034
-3024
5122
-3026
-7238
-3510
8508
-4610
1574
-6557
-518
-9766
-2210
1105
-3148
-2236
4515
6486
-9616
9957
8001
51
-4004
-3552
1198
301
5798
-7769
1134
-8584
913
5101
-1608
-3966
-7925
1155
2525
-9418
6545
-5902
-5974
-3973
-5667
1816
7132
1185
9580
1646
-2330
9965
1603
-4330
16
7600
2119
-8787
-2100
-2084
-6556
9035
-668
4358
4135
7725
-9608
6210
-1121
2917
6793
-4576
7016
-9182
1451
-8652
2635
-1417
2533
2215
-9772
-9798
2179
1832
-4127
-7805
-569
7992
-6592
7332
-4092
-3147
6366
5241
-8790
501
2965
-8398
-3290
-8156
4520
-6497
-2732
1535
-5678
8720
2883
6957
-2698
-4585
-828
-2469
-4382
-8649
9363
1492
-6454
-1206
-516
-3045
-3875
5392
3808
-7510
632
5019
2991
-6403
6622
9702
-4559
1141
-6796
2710
-7325
-2474
1430
5558
-5517
8732
-9027
3656
-3738
-3408
5007
-4375
8084
8554
4419
-2432
-4492
-9457
-7041
9317
-6966
3592
4335
6025
7190
957
5727
-7369
-7903
8932
5342
-5227
-3542
-3229
-9669
942
-4497
-8695
-5403
1765
-2103
9605
7391
-4019
8158
1809
3549
-6334
2353
6509
-7018
5387
101
7318
1412
-2710
-1726
-2861
-78
372
-3930
-4737
5145
2528
2034
5477
-6531
7537
6782
-1934
-698
-5322
-2329
-3307
660
-4172
8503
-5791
-506
855
-9283
2476
-3758
819
-206
7655
8110
8069
-5207
-1969
-1560
863
3295
-6415
-6609
-4671
9062
-3140
-7134
5843
4927
2169
-9479
-7403
8862
1181
-1574
7364
5390
7920
-1781
6108
396
4461
-3074
-9810
2115
-4964
8259
6909
3068
-3302
-2228
-3638
284
1163
1692
-655
8024
4558
-4812
2951
-3274
-4291
5549
-4413
6890
-6026
-7049
2279
-8106
1170
-1613
2291
-4370
5314
2481
7746
-9651
740
4655
3417
7438
-7574
9780
-2278
3589
1471
7067
1613
-3972
-7746
-5436
2755
-2036
-9888
8343
-5147
-5913
-8707
7133
-4019
2464
-4481
8273
8094
-9168
754
5840
-8818
-8507
494
4600
8932
2921
4379
-3347
-3490
-4150
-6280
8123
1879
-4025
-7314
-5367
3939
-7201
-7024
8792
-3114
-5731
5925
2868
6733
-8556
1140
4827
-7724
-8107
667
-6541
-6613
-8839
8059
-7682
4082
2437
-1028
-9409
8288
2692
8715
166
8667
-8600
4799
2605
-5801
7775
1397
1086
-7956
-2679
-6047
8778
-1235
5094
3605
1042
6988
-5728
4501
-9626
-4567
2559
-7307
9516
-5004
1665
-9894
-6716
-5644
8821
3450
-6978
-9779
-1751
5628
-5579
-3976
-2976
5507
-1931
4345
9461
-3153
-6890
4554
-9549
4152
1541
-5276
-1348
1916
158
-8789
4609
-327
-3792
-3727
-221
-507
630
-1400
-7058
3653
-1179
1191
-720
3242
7216
6304
-1251
-4716
649
-1791
2131
3759
-7237
2583
-2089
4305
7307
6564
-3780
-2536
7776
