-6868
-6867
-6867
-6867
-6863
-6864
-6855
-6857
-6855
-6860
-6858
-6814
-6814
-6829
-6818
-6836
-6844
-6836
-6844
-6832
-6840
-6821
-6803
-6834
-6854
-6841
-6814
-6828
-6830
-6849
-6830
-6854
-6826
-6819
-6829
-6849
-3845
-6398
-5391
-4118
-6135
-5401
-5966
-5617
-6363
-6434
-4854
-4648
-3825
-4869
-5867
-3662
-4781
-3796
-4802
-6797
-6457
-5031
-6557
-5154
-5762
-6190
-6448
-6668
-5277
-5671
-4257
-5528
-4225
-3864
-4646
-4776
-4633
-3623
-4322
-4235
-4071
-6519
-4950
-5407
-6707
-4913
-5796
-6439
-3636
-3667
-5155
-5311
-4366
-3579
-4756
-6231
-6683
-4254
-3955
-6536
-5118
-5910
-6672
-3832
-4648
-4354
-6798
-5433
-6195
-4623
-4190
-5187
-4728
-5310
-5929
-4955
-4157
-5738
-5402
-5546
-6090
-4634
-5403
-5122
-5995
-6560
-4776
-6504
-5281
-4094
-6655
-5198
-5064
-5926
-4156
-4763
-6427
-4211
-4608
-5945
-5801
-4211
-5182
-4816
-3868
-4216
-4875
-4902
-3838
-5654
-4571
-4138
-4341
-6398
-3884
-5203
-4777
-6739
-4146
-6792
-5886
-5681
-6670
-5263
-4990
-4563
-5630
-5416
-6489
-6548
-3747
-4987
-3951
-4421
-4057
-4976
-5061
-5604
-4103
-3760
-4443
-5875
-4176
-3659
-5015
-5168
-4373
-6293
-4096
-6617
-4073
-5587
-4394
-6633
-4299
-6334
-6584
-5364
-5485
-4769
-3906
-5809
-5929
-4293
-4830
-3737
-4149
-6418
-3902
-4867
-4293
-6002
-4899
-6529
-5402
-3895
-5398
-5232
-4279
-4123
-4970
-6511
-6538
-6604
-5235
-3619
-5606
-6067
-4262
-5254
-5625
-4616
-5503
-6227
-4841
-5768
-3750
-3859
-4370
-4870
-6001
-6078
-3585
-6261
-4557
-5595
-6101
-6791
-4288
-4033
-4013
-4136
-5071
-4577
-4478
-5917
-6159
-3823
-6319
-3960
-6694
-4689
-3719
-3928
-4466
-4659
-3634
-4658
-5660
-4659
-4481
-3845
-3602
-5704
-6713
-5331
-5956
-4709
-6486
-6505
-5459
-5031
-6030
-4816
-5570
-3931
-4649
-3976
-4639
-3880
-6773
-3742
-6130
-5578
-4290
-6366
-5076
-6479
-3998
-6080
-5765
-5490
-6129
-4668
-5041
-4172
-3716
-4929
-5455
-3903
-6096
-6099
-6656
-5223
-3738
-4116
-6605
-6119
-4589
-5047
-5349
-3863
-3756
-6098
-5515
-6516
-6593
-4633
-6749
-4352
-4105
-4591
-6713
-5387
-4654
-6435
-3813
-4994
-6231
-4805
-6118
-5725
-6330
-3949
-6304
-4440
-5486
-6416
-5705
-6794
-4672
-5419
-5381
-4507
-4559
-6149
-5953
-4053
-3834
-5292
-5507
-6008
-3872
-5321
-5060
-5119
-5347
-5236
-6094
-4120
-3754
-4273
-5755
-4684
-5130
-6360
-4910
-6467
-4935
-4366
-6058
-5389
-6231
-5862
-5254
-4529
-5172
-4245
-5517
-5966
-5090
-4830
-6225
-5879
-6280
-5236
-6209
-5863
-5377
-5045
-3557
-5857
-5182
-6533
-6461
-5306
-5052
-6035
-6146
-3716
-4129
-5602
-6383
-6456
-4503
-3862
-3703
-5932
-5057
-6246
-4455
-6518
-5078
-5440
-4118
-5712
-3919
-5243
-3927
-6016
-4727
-5541
-4110
-6072
-5492
-5736
-5399
-4114
-4483
-6172
-5701
-6681
-5459
-5090
-3729
-3838
-5721
-6466
-3948
-4811
-5402
-6280
-4022
-6521
-4179
-4357
-4804
-4708
-4948
-5724
-4474
-6442
-3648
-4408
-6571
-5364
-4297
-6699
-4763
-5032
-4805
-3800
-4256
-4026
-6235
-4389
-5559
-6057
-6165
-6373
-4571
-6100
-3819
-3971
-3817
-4362
-6770
-5485
-4784
-4046
-4899
-4249
-5956
-6547
-5718
-3784
-6109
-6664
-4348
-3663
-4331
-4478
-6337
-4984
-5518
-5445
-4586
-3642
-3562
-5741
-4344
-3995
-5603
-4221
-4405
-4660
-6493
-6776
-6110
-6324
-5945
-4157
-5354
-4877
-3621
-3984
-3736
-5443
-6418
-4597
-4879
-3623
-5597
-6398
-4315
-6523
-5917
-3853
-3597
-3892
-3939
-5617
-4384
-5273
-3816
-4909
-6053
-6168
-4627
-6703
-3944
-4105
-3894
-5327
-4016
-4010
-5984
-5746
-4648
-5848
-6176
-5206
-4413
-6130
-3758
-6261
-4683
-4479
-4922
-6477
-4276
-4061
-6212
-4964
-5954
-4813
-6770
-6254
-6413
-5080
-4284
-6536
-4339
-6778
-3616
-3573
-4020
-4443
-5891
-5855
-6766
-4911
-4383
-6740
-5287
-4649
-6492
-6682
-4140
-4330
-4820
-3661
-3757
-6708
-6572
-4225
-4059
-6309
-4137
-4056
-6151
-5806
-6519
-5638
-4759
-3722
-4399
-5010
-5290
-6423
-5270
-3977
-5079
-6495
-6267
-5512
-5226
-5745
-4152
-4219
-6270
-4556
-3728
-4287
-5393
-6136
-3991
-6189
-5101
-5599
-6078
-4751
-5696
-5653
-6116
-6753
-5700
-6618
-6421
-6546
-3577
-3958
-4314
-5925
-6477
-4704
-3649
-3711
-6299
-5784
-3984
-6416
-5343
-5556
-4374
-4108
-6693
-4666
-4548
-5385
-5562
-5133
-3623
-3943
-6558
-5354
-4879
-4245
-6496
-6508
-6006
-4781
-5630
-5738
-4959
-4594
-6523
-3968
-6613
-3801
-6381
-6758
-5884
-3740
-6320
-6320
-6342
-6090
-6082
-6165
-6650
-5585
-5907
-5037
-5041
-4278
-5042
-4473
-6271
-5392
-5656
-5238
-4988
-3705
-4273
-3883
-4941
-5015
-6726
-4274
-6689
-3879
-5997
-4656
-3630
-5566
-6647
-5610
-4480
-4231
-5571
-4556
-6458
-5274
-3639
-6619
-5759
-5683
-5290
-5101
-4140
-4331
-3835
-6797
-5870
-5769
-5997
-5527
-5794
-5093
-5813
-6613
-5776
-6048
-4870
-5273
-5339
-3753
-5787
-6034
-5783
-3855
-3942
-6534
-6523
-4527
-3576
-3594
-6587
-6706
-3693
-6649
-3596
-4771
-4068
-5912
-3966
-4924
-6534
-4456
-4373
-5214
-4502
-3795
-5076
-5592
-6490
-4396
-6285
-6678
-4388
-4438
-4417
-4999
-6624
-5347
-6678
-4845
-6389
-5279
-4597
-5103
-3970
-5171
-4213
-6181
-5797
-5632
-3899
-5402
-5983
-6679
-4892
-3719
-4043
-3654
-6792
-4143
-3997
-4420
-5837
-5270
-3923
-3561
-5486
-6596
-5941
-5678
-5452
-6569
-4561
-4876
-3640
-4048
-5582
-3622
-4996
-4939
-3639
-5032
-5326
-3571
-5304
-5504
-4328
-3552
-4896
-4838
-6457
-5195
-5710
-4620
-6780
-4833
-5095
-4615
-5881
-3857
-4041
-6787
-3583
-3982
-3691
-5744
-5531
-4935
-4191
-6665
-5886
-5441
-5336
-5967
-4398
-5780
-4516
-5479
-4717
-5910
-4313
-3889
-5377
-3981
-5496
-6162
-4973
-3939
-5708
-5287
-6624
-4063
-5747
-4861
-4278
-4921
-5005
-4908
-6297
-6228
-3560
-5117
-6684
-3782
-5993
-6219
-4042
-4825
-3741
-4474
-5904
-3626
-6568
-5708
-6484
-3600
-3715
-6444
-5981
-4360
-3812
-5474
-3768
-4026
-4173
-5306
-4033
-6503
-5334
-3613
-6186
-5119
-4137
-3734
-4437
-5367
-4526
-3991
-5486
-4605
-6784
-3657
-6658
-6727
-3578
-5449
-4953
-4033
-5523
-4349
-6476
-3913
-5045
-3909
-4622
-4185
-5941
-4606
-6091
-4269
-6657
-6518
-4705
-5954
-4355
-5571
-6319
-6403
-4802
-4395
-4908
-4540
-3936
-4184
-4102
-4066
-5979
-4117
-5934
-4586
-4053
-3905
-5653
-4142
-4372
-5923
-5654
-5607
-5814
-6008
-5808
-5701
-5081
-5688
-6214
-6539
-4965
-5666
-4297
-4537
-5148
-4578
-4119
-4993
-4431
-4974
-6608
-3935
-6360
-5481
-3850
-4682
-6020
-6279
-6569
-6712
-4514
-5969
-4937
-5786
-4279
-4159
-5224
-4588
-4944
-6180
-5860
-5451
-5427
-6085
-5881
-6679
-6432
-6307
-4438
-4292
-6396
-3764
-6379
-4849
-5599
-6610
-5514
-4707
-3603
-4522
-5054
-6325
-4586
-4144
-4346
-4261
-6488
-4173
-5580
-6583
-5382
-6344
-4846
-5618
-5625
-6081
-4193
-4828
-3740
-4057
-5605
-5770
-5548
-4401
-4782
-4212
-3735
-6210
-4663
-5016
-6675
-3735
-5060
-3798
-5397
-5236
-4012
-4847
-5961
-5758
-5205
-6661
-6713
-5323
-6213
-5389
-4745
-4994
-5668
-4898
-5191
-5987
-3647
-6682
-3685
-5599
-4553
-4679
-4342
-4064
-5107
-6682
-4610
-4953
-3629
-5537
-5338
-4823
-4179
-5936
-4628
-4968
-4068
-4442
-6178
-5906
-4961
-6648
-6275
-6739
-4429
-6269
-3833
-3736
-4579
-3660
-4499
-4546
-5699
-3880
-4473
-3694
-5407
-6377
-4168
-4769
-6573
-3895
-6163
-4402
-5076
-4082
-4366
-5295
-4329
-3678
-6785
-6248
-4482
-6217
-5101
-4105
-4901
-4314
-4587
-5534
-3962
-4391
-5166
-5299
-5425
-3761
-4027
-3589
-4314
-6200
-3850
-4728
-4791
-5934
-3892
-4488
-3565
-4038
-3911
-3660
-6479
-5380
-3687
-5461
-5324
-6321
-5993
-3880
-6211
-4177
-3614
-5544
-3729
-5543
-6439
-6294
-6040
-5341
-6045
-5846
-3678
-5580
-3837
-4232
-6647
-4476
-4053
-4005
-4851
-4844
-5569
-5605
-6489
-4171
-4272
-6570
-6453
-6540
-6462
-4169
-5671
-4832
-6707
-3818
-5089
-4184
-5577
-5103
-5490
-5260
-6607
-5856
-4767
-6206
-5035
-3801
-4296
-3659
-5327
-6095
-3983
-5141
-6604
-4178
-3914
-5115
-5654
-3807
-4961
-6761
-4713
-6385
-4993
-6608
-6123
-3847
-4629
-3965
-5783
-4857
-5411
-5008
-4127
-5982
-4316
-4363
-6315
-5464
-6289
-4575
-5570
-3645
-5975
-5114
-5480
-5493
-5843
-5385
-5891
-4515
-6084
-5650
-3723
-3830
-4674
-5375
-4968
-5840
-5030
-5941
-6039
-4691
-6503
-6778
-5291
-4235
-5600
-3652
-5036
-3605
-6636
-4822
-3577
-4584
-6487
-3822
-4355
-5069
-6710
-4778
-6149
-4621
-6472
-5569
-5561
-6057
-4241
-6436
-6432
-5838
-4676
-3784
-5731
-4943
-6072
-5463
-6392
-5599
-4179
-4455
-4636
-4159
-4534
-6194
-4522
-6745
-6514
-5936
-5993
-5833
-3597
-5643
-4054
-4956
-5929
-5575
-3570
-5614
-4264
-5254
-4042
-5662
-3746
-5025
-4164
-4289
-4710
-3696
-6578
-6547
-5441
-4281
-5093
-6700
-5151
-4242
-5386
-3825
-6551
-4080
-5638
-3582
-6194
-3845
-3885
-6236
-4337
-6205
-5815
-4233
-4624
-4225
-5074
-6023
-5847
-4835
-5138
-6588
-4790
-6022
-4852
-6705
-5479
-4855
-6192
-5020
-3815
-5329
-3712
-6657
-6473
-5711
-5125
-6771
-6421
-6434
-5665
-4596
-6655
-3639
-5846
-5956
-6024
-5124
-6308
-5569
-3991
-4199
-6197
-6091
-4710
-4350
-5745
-6281
-4283
-4942
-6529
-5601
-5673
-4912
-6349
-5446
-5363
-5073
-3901
-4360
-6424
-5322
-4912
-6526
-4854
-3560
-6480
-4916
-4800
-5065
-5909
-6747
-4924
-4399
-5654
-6591
-6729
-4332
-5187
-5527
-4558
-4884
-5135
-4210
-5372
-4448
-3663
-5038
-3961
-6021
-5418
-5039
-5892
-5696
-4381
-6625
-4486
-6721
-6034
-4610
-6557
-4004
-4367
-4862
-3552
-4952
-3966
-6742
-3865
-5231
-5293
-3948
-5112
-5902
-5974
-3973
-3914
-3860
-4631
-4640
-5667
-4330
-6556
-4576
-6738
-6393
-5835
-3972
-4127
-6592
-4092
-5720
-5914
-4753
-5196
-5050
-4303
-4545
-6497
-4707
-3777
-5678
-3566
-4655
-5125
-4334
-4585
-5907
-4382
-4035
-6454
-3875
-3605
-6403
-5713
-4559
-5199
-6476
-5307
-6127
-5188
-6796
-4493
-6358
-5214
-5517
-6718
-5488
-5712
-3738
-6724
-5040
-5112
-5557
-6304
-4375
-5355
-4117
-4492
-5227
-5587
-5206
-4192
-4497
-6608
-5403
-3956
-5872
-3805
-4476
-4423
-6250
-5478
-4668
-4019
-3851
-6781
-5962
-6334
-4379
-3930
-4940
-6617
-4737
-6531
-5322
-3686
-4172
-5684
-5071
-4710
-5791
-3758
-4007
-5207
-6761
-3664
-3781
-6415
-6609
-6693
-4671
-4964
-6170
-3954
-3638
-3642
-4936
-4812
-5421
-6539
-4291
-6330
-4413
-6026
-3841
-3559
-6681
-5591
-6360
-6477
-4370
-4689
-6066
-4482
-3919
-4725
-4314
-5087
-6795
-5880
-3972
-5436
-4234
-6537
-3656
-5471
-5147
-5913
-6660
-4019
-4481
-4667
-4150
-5235
-6280
-4025
-6666
-5367
-6156
-5731
-5270
-4334
-6541
-6613
-4150
-6582
-5801
-4080
-6047
-6622
-5728
-5635
-4567
-4512
-3924
-5004
-5143
-6716
-5644
-4833
-5579
-3976
-4337
-5276
-4558
-6261
-4445
-3792
-6049
-3727
-4716
-5469
-4250
-3780
-4198
-5782
-4836
2348
-1099
3496
5727
-1089
6129
1717
-293
6894
-1536
9725
8848
-1067
-1776
184
619
-2811
983
-2043
8335
1006
7022
-307
1358
-2794
4225
3706
-1049
-936
470
4115
2374
1518
-2389
-1899
5736
1146
3851
7339
9746
8965
-1500
9481
1248
3392
18
24
5318
-1668
-175
8916
1813
-3153
-1392
3802
4053
9990
-2492
-3455
7194
125
7120
5233
1561
3173
1726
7379
-1530
7185
725
-897
9500
-2012
-1416
748
2181
-1145
2616
5653
-338
7803
464
9989
-713
-516
5276
8482
2317
7755
2691
5176
2909
8132
409
4552
-1806
3743
1930
6664
928
4751
171
428
-3355
4350
4301
5328
6833
3791
1858
2867
6232
-3043
4341
6461
6442
-383
-1141
-1242
2402
5203
-1903
442
8667
4344
9863
-3140
-1914
1793
2960
9015
-3456
-710
-558
-717
-607
618
3403
-3155
-212
9484
9712
-1969
6074
4053
2922
4436
7815
5018
1642
6072
221
5576
1982
-1113
-81
8799
5747
8006
3037
9271
7020
9581
-1439
-3538
-1136
2201
7080
3953
9047
4359
4843
8758
-188
-1807
2811
-1711
1076
6481
-612
2532
2552
3528
8294
3935
1558
-1787
5180
8162
3055
-1783
7433
7178
-2202
6240
-299
6662
8195
-3219
8930
7241
-1730
5137
5999
400
-1127
-1191
8690
9949
432
3320
6867
7843
5525
5108
1777
7941
-827
-3044
6103
5392
5173
3535
8631
-265
9529
-1668
9633
7723
5114
8562
4963
974
9243
961
3784
-1884
9771
2474
-1935
9016
4471
731
8030
-5
1691
4680
-2064
8398
5740
9594
6257
6809
7573
4888
9780
7101
9019
9413
4824
8333
7975
-214
9229
7217
9517
5501
6234
4442
-2026
3397
8254
6333
4380
-1520
2440
5820
1639
96
6685
208
-2272
2941
3566
8615
-2172
1683
9088
1048
6580
3911
-619
8770
663
1097
5986
6092
-3402
1705
2577
4572
4716
538
7016
8844
9018
-544
4664
8437
-169
1348
-3029
4245
9379
-1426
6231
2117
-43
5319
6512
752
-771
2545
-479
2926
7205
7981
7370
240
-3175
8109
6116
6100
2868
2339
1271
1886
1284
5048
4062
1833
2640
2243
5361
684
-393
1592
1594
9565
-3090
6046
317
6140
8510
9838
-935
1807
8087
2816
2393
2170
-1235
7205
3711
3268
9033
4095
3518
316
-857
-2420
1432
5539
-1387
-3208
3198
8221
8384
-977
7786
-3236
4989
-1898
8360
3499
-2060
498
5651
3285
6933
-1957
6595
1726
-3323
9166
-2670
4107
3261
3415
4596
1535
-1571
3423
7943
7042
2820
1812
5263
1204
3189
3048
6497
-1823
8631
7930
2044
-910
-1572
7327
6595
-441
5026
-2170
1058
617
-3005
8389
4897
7160
9237
-507
2851
-2334
5521
1607
4909
-1659
6604
9971
9545
7958
3019
6042
5038
4169
3972
-2189
5487
1791
697
3262
-2240
507
3463
8818
9993
-1796
7206
6022
1028
6443
4792
9768
1609
681
4296
-1184
-624
-1252
-1213
-1079
-3294
2399
2093
2841
5974
8934
3290
9232
8045
-3202
6699
-907
6298
8328
-2089
7423
8786
-1715
3444
9501
1014
8958
9422
-10
9994
-3145
4484
-631
5603
3704
8291
1787
-1876
3269
5150
2868
1544
5803
-1563
762
2756
-1841
2613
7891
-414
7313
5313
8282
-524
-1244
-3153
-2800
-2286
4049
2868
-2293
1492
-2649
7077
-2905
622
5368
-596
5699
8621
-3508
6749
-1147
-241
7030
5785
7278
8203
6941
9841
2992
7465
5153
-2090
2969
8518
-329
304
1624
4309
-2157
9332
6581
523
6409
2896
-1931
1776
2444
6845
397
-3145
3593
1204
-2789
623
5532
-839
2800
2472
-999
8450
-64
2290
846
3041
-1936
6032
1305
9688
341
-3483
9020
6142
7041
5428
-962
8187
-2796
1338
5031
7601
8193
-1376
-1196
990
9247
6308
4565
2046
6808
1434
496
-3256
-2280
6857
9786
5785
2889
5428
5472
4513
-352
4491
9371
-3312
-81
-1592
7994
7123
9747
9906
4723
7940
-1470
707
1576
-2223
-2137
7909
9823
4761
1560
319
1415
-805
-2824
1201
9752
2726
4331
751
9686
6389
4943
449
667
5798
1075
5542
5625
822
5448
6708
-1239
9608
-568
2105
1755
-1901
13
1578
2770
1488
-130
4538
9871
-927
5386
5563
-861
-283
3441
2434
3696
1138
5101
8002
5947
-3464
9905
-2095
6997
5353
1939
8835
9330
-999
7863
1085
2949
-2125
-2423
4362
9364
-764
-96
4825
3633
9260
6190
5470
5008
1826
5206
-1297
2885
307
3066
8806
6482
2970
-3289
3479
-1678
1325
9238
-2348
6175
7100
8738
-877
4722
-263
4842
8855
4894
-1
2743
9591
37
97
7989
-2978
3137
7569
3748
4808
-2125
-3187
3614
-2141
9784
1465
7837
-1894
1649
7074
5759
-2177
4173
4496
6947
9148
5895
1789
7535
-1197
6535
-2127
1257
-3428
7970
4639
1616
9893
3900
3771
4701
-750
2177
-1686
3607
1961
-1362
1443
4412
9355
-1484
5825
-1889
-3548
321
6616
9829
9739
6847
3118
-1931
3381
3197
-487
9954
1166
3319
1569
1059
4694
6934
4755
9409
-890
4074
7550
1288
129
-1007
3930
5205
7510
6963
1110
-76
-2716
6168
4904
3500
3014
-2640
9488
-630
5057
1081
7940
1723
7949
7918
-3286
9095
4851
-1459
7678
6170
1807
-2604
23
8789
-420
-384
-1675
-2910
5397
9436
-2711
417
5604
-675
-2259
-1382
6686
-1353
5014
7242
6567
5299
-1035
1034
9281
1746
5416
4132
1499
1421
8094
2318
3231
1234
-1773
3266
-704
6553
9243
2430
5989
-2356
-2969
1592
6970
-3237
544
3655
2248
5224
897
-1185
6586
9862
-218
5866
1607
-157
-2
1894
2941
-1909
4796
6627
1217
1690
-107
282
9576
248
2942
5564
7893
5789
-2844
4863
2010
-2634
-1483
4800
8348
9415
7631
9176
9276
3397
5042
883
6707
-1654
791
6181
3130
7573
2808
-993
529
985
6627
2113
2949
7802
5736
842
3591
2195
3076
6143
257
4222
942
2847
3636
4557
2022
2912
-2046
-2936
-2448
1193
2103
-3429
-2626
6749
8535
-93
-420
-2489
-3362
4439
8532
5831
2241
-716
-3328
-692
-2300
2376
-1665
3796
-3402
2916
-3358
8478
-2527
8665
3145
5427
3901
6940
-3380
7832
452
3995
8872
-2345
4176
2644
2396
7058
-2917
7308
2888
9325
7955
9561
9891
9037
1936
-2871
5288
8535
9498
-550
8768
-2481
7645
1913
-762
1897
-1147
-433
-1469
2364
8687
-2782
3364
7738
9863
2415
4796
-3054
-278
-2316
1433
-2324
-2756
1427
-832
9181
8556
3985
7715
8602
7469
6483
-778
-3020
-1604
-934
3303
7249
8633
7458
-388
-440
-1974
-369
9932
5029
562
4728
1485
1768
9835
7756
9445
-344
-817
-1387
-1164
-2262
3069
-3450
8437
9456
3513
2460
6546
1429
7343
9739
-1323
-2121
7196
8290
258
-886
-2079
-2763
9382
-33
7013
7896
-519
9425
5652
2274
-920
5896
-208
7917
2573
3013
-1754
8914
6264
-2500
1373
-1249
8929
2900
-1510
-2395
3059
8468
4531
5412
-2442
3816
7698
3969
7465
4711
1865
5194
4135
-2483
-3303
169
2351
6489
6333
-2916
9350
8765
4063
-3232
3098
5211
417
2026
-1890
8907
9632
6206
-2892
3586
6582
2151
9343
4279
-3336
1688
-1011
7985
-1357
-2351
-654
5341
4545
7853
1830
-2529
-2950
1179
3070
-3386
2845
7360
9338
8147
8194
-64
-2704
7826
1105
-3239
-1128
-2314
8913
-2882
5966
-3131
5337
955
-2706
4465
4079
-1482
-195
-2778
9661
9993
-2110
-852
2814
-417
5763
7319
-2873
7589
-1081
7144
-2476
1087
-2387
8629
7849
-3501
7186
6761
-806
-1720
9214
5016
9236
6436
-520
3314
3328
9286
3733
9700
465
7076
-1152
3734
-1816
5513
9392
-290
1152
-1689
5031
-277
9399
8178
-1648
7247
3819
4667
4008
3872
1902
5801
-1113
1532
4977
8367
5497
3939
7652
-770
3638
8572
853
-1885
2305
3436
-2903
1697
-2367
-704
9218
8178
9019
9407
6355
-2630
6654
410
6683
661
4904
2440
-3539
-295
-2834
-2928
9958
7281
7973
9809
1893
4648
8381
-3117
7134
686
6182
1930
6258
9328
3526
-975
7506
2545
4366
3860
9916
8452
4892
2226
-887
-205
-3063
5575
3586
4104
9251
5743
6767
-1690
5552
-1341
8304
3932
1405
5438
-406
-2413
9669
-2999
-3085
3194
-608
-2657
-1584
1190
8281
1353
-359
3173
-2393
8755
-2080
4544
4329
6553
-1352
6975
2296
6093
7970
-2153
4074
8935
1345
3420
4373
2483
3066
4041
3398
9981
-2765
-1943
397
2975
3980
3289
8630
5835
5854
625
-352
8822
-2767
6704
5375
-572
3679
-2330
4843
4310
5518
-1084
3245
7297
4395
-2383
-2085
-2540
-663
7091
-2559
-1106
9881
1842
-225
3861
4523
2080
7482
377
-3266
9857
-802
-2486
6561
-343
6943
240
2243
1785
8870
-2240
-952
7795
9906
5096
8928
-1250
-807
-2930
5593
-4
5964
2323
3384
7833
9582
6361
8330
7064
-3263
6575
6921
5936
2578
3481
-1067
-479
498
2752
7660
-1729
1198
9773
5260
1238
7103
1477
4319
9658
8548
7458
-346
4511
5836
1492
2344
3211
-2147
673
8965
4591
5737
9447
526
-1686
2928
1035
7835
6649
9856
9141
-3396
5809
9018
985
-132
8250
-350
-2103
7908
3286
3740
-2438
5520
227
9054
-2137
5691
-3094
8537
8217
4989
4273
7664
2023
7735
591
7888
-2442
-2760
-3155
9563
2159
1144
891
6380
7340
8960
9510
4247
6867
-3386
-455
4652
5435
9773
6954
-2
5463
389
-1466
3680
1886
-2088
1343
5911
2908
-2342
-3033
6005
-826
3812
642
-2260
177
3456
-3130
446
6009
82
1166
8206
6697
-1406
7831
8831
-1622
-174
-1172
5946
8757
7363
-374
2101
9595
6707
6010
-644
8481
6134
1379
2077
6788
6757
3411
9564
5005
7888
-2290
-2109
-2030
8876
-195
8074
9587
6148
9906
9919
7187
2326
6015
-3414
-312
1062
8290
-143
-3391
4299
5421
-487
7275
-3201
-358
4063
-1335
5001
5806
2736
2889
4863
4291
764
4895
9074
-1217
6090
239
-977
-3006
-207
7437
8063
2407
1037
2739
696
8155
313
4079
6315
9826
3686
601
5170
6333
-3330
6417
2139
3070
-695
5655
-2639
164
8047
1458
5690
4884
1702
7921
-789
7921
6907
3802
328
7099
1087
7841
7992
4152
3086
4307
3977
-1710
7420
5393
1691
7024
1809
6762
7160
8545
2417
-904
1278
464
5979
-3033
489
-2319
1681
2562
-443
7743
2697
5930
4841
6536
6955
2833
687
9444
-2861
-1697
1264
6300
-1610
5887
-1351
1865
2649
-2941
2979
-2340
330
2777
5530
4478
1224
8517
3990
2680
8581
9593
7978
1278
5522
5488
-2187
2476
-1680
8501
5450
5459
8124
-3287
9066
9397
1730
-1334
5086
5249
4475
-1936
-2601
4667
2320
5844
1114
-2434
6591
5548
8100
9539
2143
-2905
1721
3258
1054
9534
2695
902
8034
-1856
-759
8867
4858
4282
3182
7459
5045
9504
2707
-480
-2433
3022
4325
9888
-1134
2557
-1561
729
543
-121
1172
5239
6975
-1440
5458
9557
-2164
-1848
459
8913
6297
6820
8727
1154
-2664
3317
-1387
8243
808
9119
-2238
3148
4342
-533
3036
7053
-2474
6467
3937
8069
3515
979
3308
-2826
-1999
-1235
324
427
6917
3336
888
3213
156
2546
4959
3354
8623
2981
1596
-2453
4301
9358
7352
-1357
2914
387
1851
-1029
-3146
-2078
-2961
3201
896
1384
6522
8897
-887
9399
-676
3395
2735
7921
9244
3238
2758
-473
6245
1381
6592
-2160
5584
893
-2802
2935
9536
-1357
-891
1386
7614
176
7174
1577
88
-1931
3996
9898
-3034
4114
9297
6290
4697
2032
6502
9387
4923
-740
3755
1167
771
9590
9008
6224
482
8783
-841
17
4849
2481
-942
2463
3188
8577
7117
-2963
-3354
6164
9519
3613
6232
1
-97
6375
7261
8146
5762
2184
5664
8759
-1326
6305
8348
-1607
2528
-1171
-1436
-1917
8847
5612
4169
7951
5876
6827
8827
2992
5068
5114
5110
-1207
9086
1341
4022
-1012
-2284
1282
5393
-1596
-2421
1056
-1616
-3183
-2639
-1525
-825
9889
-587
7740
-1247
-1740
1187
5746
-1491
7029
2572
-2664
21
5432
2809
-1493
7710
1894
6472
8247
3206
7879
-472
6274
-2335
2995
-2670
-99
9812
4691
485
-1013
4580
9899
-3274
6157
-1842
-2121
1902
6667
-2115
-3387
3669
4928
9906
6812
7036
8018
-1295
6531
845
-414
63
1905
3062
-1617
442
3191
8284
3015
-2119
-1232
3698
-454
-1333
-2512
8618
6825
-1697
520
3492
3210
4993
7495
-1862
4899
4306
-1804
9029
-3270
9929
8826
2597
-1624
3310
8458
3828
8210
1648
2111
7289
9530
6941
6618
-3541
-454
7042
4477
-2982
5301
1129
9863
8554
-176
7357
-3308
1185
1662
4888
1265
4673
9615
4216
-2730
-1405
4763
5428
8887
2972
7376
998
5892
6905
1877
2510
8897
-2045
-449
9506
-2206
4895
634
-2344
3449
6755
7783
1166
7775
6675
5029
7823
1347
4643
9276
8618
9703
4039
7048
8590
-2989
2564
-413
3768
8626
-382
5413
7522
-1338
8355
7027
682
9859
-2340
8339
3307
3057
1435
3447
830
1293
-1525
5755
1372
9442
9289
-10
9176
3328
4334
7183
7194
6055
998
2738
4680
2462
8656
2201
5351
5608
-773
1392
-442
6888
907
6784
270
-2279
231
1521
-2254
8707
8796
9119
1278
6865
-892
5414
6120
-3023
5606
6459
9497
7055
9702
4176
-483
8357
-3081
1810
5681
5605
900
1389
2492
5271
2117
3795
8572
2467
7287
738
1173
5060
-143
2998
7917
8965
7645
9704
68
6642
6163
-267
9822
5864
6080
274
4221
3992
5142
6196
8062
9387
8992
553
4657
-1506
5168
3842
6351
1239
5043
-2476
-353
7109
-859
7058
4128
8167
7143
4377
7370
-1962
-1824
7866
7740
1346
2899
1960
-3287
-1960
-1844
2297
4083
-196
5327
5395
3688
9675
9700
38
-3471
4742
7562
1304
9641
8084
-258
347
6251
5456
-223
8119
7332
7953
3399
5071
5001
3643
-2969
-1079
4691
5187
3695
5766
3398
-978
1160
8678
-1304
859
-1284
5
4888
-867
3739
-2583
7256
4746
-1253
4131
8937
8524
8732
6268
6477
9475
1339
8685
3118
8370
-2394
4801
3557
1281
566
8548
323
2590
7226
9020
2586
-1521
-976
8187
2219
9915
9751
6581
5868
2176
7194
9505
699
5925
-71
-2825
5400
2786
5741
-1482
1156
3466
1336
3131
4767
3885
6304
357
5612
1332
-1847
-1803
7633
3133
4388
8647
5896
-187
5228
1605
1150
2421
-2681
2689
-1654
-1233
9865
2675
3412
598
2264
2710
9191
5583
7423
3958
-533
-1832
9048
-114
3790
8206
3276
-2404
6289
9661
6334
2185
-526
5994
4324
1464
3891
4285
4752
521
411
1170
4507
1964
-260
8248
923
-1069
3831
1617
1976
8931
-2080
7615
-1624
-1372
-182
8107
1544
5620
6054
7786
3565
788
9256
-2111
6809
3147
-467
-37
5385
9944
420
7457
1907
5432
9617
6581
-909
3448
8677
1979
6746
-2255
3915
-1068
1682
9006
-3226
6947
6014
-1912
4733
3951
8877
3989
1140
260
-2864
1374
-2469
2687
1317
7951
302
8102
8111
6216
9806
-2798
6955
8482
9181
3700
9938
3095
8822
521
2101
-2996
-94
2487
3684
7020
9352
2560
1008
-1722
3688
8145
9652
4532
8402
969
9171
5408
4194
7281
-1938
3999
4862
-3496
2480
3116
8716
2417
6759
7537
7758
-1141
-1112
7659
5669
6816
7064
-2216
-624
-1928
6063
1455
3483
5715
-14
-3118
-3317
8454
1437
8476
-2788
9499
4876
-3168
9782
-2645
-1120
1098
9773
437
-1533
7531
4498
2148
7575
5844
-3346
4639
1125
92
1504
9690
3156
-1072
5404
7439
5810
9670
1898
-2754
-1155
-3222
-3255
7840
-3158
1260
3219
5722
4491
4322
4883
5258
3351
5858
9159
3002
1702
9875
4713
5329
-33
7425
5019
5007
6069
423
2522
4856
2511
6396
-592
5475
1314
6153
3315
-79
-2587
8511
99
314
6320
-2996
7162
4345
-1003
6320
1455
4564
6195
9607
-108
3696
8190
5514
-715
2755
5334
-154
-3297
-2156
1300
6111
4524
4379
2264
6634
1896
9677
5145
-57
1034
8624
6947
8743
-2821
9809
5063
654
4372
1257
1419
578
7419
-392
-825
-3296
4149
6933
6551
3466
2352
-2150
6963
5671
7666
-774
2305
-3472
-1097
-2551
6471
484
1290
3418
-774
674
3227
4994
5755
-2402
5546
2747
1862
2965
5676
1634
9669
6504
7542
6219
7356
7897
7760
4318
3567
6554
-1472
3553
2826
2448
3321
-703
14
9394
393
2157
68
5941
6446
1396
-1816
1991
8410
5402
2909
-3503
6439
7903
6296
-998
9318
4639
9881
574
4675
3448
1208
8219
9320
9783
667
2640
3331
3598
2033
6046
4922
6818
1987
-1974
3498
5527
4192
7641
928
9147
9221
-2633
4976
-2861
-649
3604
-2505
-769
-478
7867
9161
9876
-225
1910
3138
1055
4638
8096
6979
-3330
4141
409
-1228
3547
2610
155
5653
-3199
9910
2583
6458
2401
9950
-283
1187
-700
4329
8682
8531
7598
3050
-1083
1815
-1462
8706
-654
2296
7844
-2559
6950
9285
2434
-2642
3287
-2290
9969
5556
-635
-3231
5466
-2034
2717
9514
-732
5412
700
1197
6763
-618
-272
-1997
233
938
-2631
1474
4145
4542
-1098
1989
9026
2149
6504
2299
-1923
-210
1276
-1955
1335
6997
4815
4524
7895
-2469
3698
6244
-34
1026
5683
-3272
863
9421
-2657
641
6349
2538
-1482
494
-2920
1319
9963
-937
-3398
8986
2629
4680
-1225
-3490
-1022
4121
5221
7540
4933
-2866
6603
5259
1620
5037
-2309
-2697
5152
-3308
2714
-892
7334
-937
7776
9448
9557
-1273
3440
5970
7790
1935
4643
418
-3386
-201
4323
-661
5661
8868
-3121
8854
290
1950
4113
7622
-3013
9767
-877
-1247
-2911
7639
7861
3596
-3298
9508
372
5425
-1766
-798
-1703
-1898
8618
-678
6442
-2249
9122
764
7091
1356
-368
8267
985
5634
5921
6009
3256
-3322
6406
8180
1660
-92
5819
-479
-2082
8827
-971
1788
-1221
7264
4251
7077
9182
6951
8798
9730
-121
535
494
-3030
-1439
4876
940
457
5760
-3140
-3535
-984
-232
-3463
-2804
-1882
6662
5528
950
4284
1800
9980
-2319
4313
7243
-2938
1389
369
-810
7788
-1974
9070
3866
753
5126
1867
879
6981
6994
-3361
6746
-1211
5655
3609
1660
4590
5038
8026
-1641
-302
2309
1399
-3391
8382
1082
-2964
5453
7102
8873
4634
4889
3772
3704
8195
4752
9744
62
8215
6724
2386
2269
1010
6318
-2076
4174
2835
774
-789
861
6638
5199
-1020
-1964
3815
5244
3749
1033
-3005
850
-1885
925
8380
2114
5333
2910
-3135
5076
3996
2496
1800
6375
-506
2364
-2443
2689
-3463
1992
673
5749
1253
-2019
947
4423
-1863
2113
5974
7277
6488
-794
2735
1584
5461
8474
6717
9931
1531
-766
5006
6402
6078
-3195
2544
5166
9170
340
3532
-85
732
6994
2741
6864
7095
2403
6407
8123
-1666
2381
-2883
599
5350
9852
4715
9948
8326
-1989
9879
-1929
1079
4884
7134
3746
6913
9917
1462
7901
257
6357
-3435
6473
3351
-1979
6911
445
3554
9381
5677
4069
1762
5936
9804
-2888
2276
1549
-2940
3052
3872
-3062
4619
9777
4556
8836
4858
4706
8753
7735
6304
-990
5885
936
-1
4292
8957
2972
7691
9381
2352
9253
-3357
6933
8553
262
1226
4325
1026
8286
-3175
5683
-3206
-1472
5460
-2955
-2636
7218
556
4229
4573
4927
5127
3562
-649
3751
7034
7721
8097
8194
9913
449
6821
-1481
4563
8555
8781
2802
1247
8613
-759
8072
6275
-702
-3401
1735
6343
3963
-1048
-3101
2319
754
1758
5206
3497
-2313
2041
530
2506
8428
2301
6706
-1123
4486
6798
2222
9879
-1277
-771
1125
-857
3304
-803
-785
-3054
5797
2607
8944
-240
595
8091
-161
2314
-2332
-1434
9640
5356
-2890
6341
-2138
4971
-1358
9942
2683
151
-208
6123
2609
3797
7855
4132
8394
8657
6923
9266
4853
9125
1873
-1058
-1116
3432
-891
8724
9536
3714
1919
1556
-931
-854
-2103
6932
2951
6539
9508
7933
9667
1291
8621
6541
3401
-2891
6805
8163
9699
6959
-1800
-2977
9258
4620
-2775
-1858
-1948
3270
-3135
3798
-3017
635
5686
6053
9781
3251
2985
2732
-210
4484
8366
-543
3009
6645
2130
863
-2768
-1066
4344
2998
-932
7092
-594
-1675
1712
-2754
6467
9764
6961
7190
3562
-2500
3967
8917
6458
3748
2167
6538
-3520
3987
1022
8390
1414
6797
1599
8325
-2340
2201
2478
6592
-208
2963
9096
8735
-129
807
2466
3370
571
2982
-330
-1650
7243
7612
-1241
-3324
7385
5217
9085
5192
7174
1593
-1288
-1412
-1610
3681
2132
6051
9042
7259
8055
1080
9684
7150
6300
6027
-2043
-1235
-1446
8528
2949
2035
3151
8068
5672
7857
6423
3057
3604
-3166
6923
8101
8428
6127
-3312
-3182
9315
8820
3677
-2260
2444
6890
6277
-415
8073
2577
8528
3567
-2365
-2024
1590
9358
-1296
-2782
653
5682
2928
1579
-1261
3855
8413
-3467
1956
6841
1295
8645
4881
610
7465
-3474
5807
228
-2552
2084
479
8004
8627
6091
1550
4703
-325
6107
-908
5258
1484
4409
9760
6254
6787
-1502
109
-787
4160
8878
-746
6701
-1722
3122
6065
8174
1426
1872
9068
8875
2824
-454
5772
-1383
6306
5945
4620
-297
2052
6878
3781
5377
8121
3540
1631
1601
2187
5196
-1490
6198
3955
-249
9133
4578
4651
7717
7847
8191
-412
2607
-2468
3544
1299
-654
2512
6936
6900
6781
-3361
7343
5454
-231
2719
8614
3960
6518
8817
5998
8894
1232
2195
-107
3578
3847
4405
5635
1563
7091
9414
-655
8844
-3338
4696
142
6008
6857
-2922
0
3638
3718
8640
4131
4138
1359
2744
-1903
5709
5466
107
4823
-3302
6289
1691
-2319
136
-2391
-2758
2774
6388
2184
8131
3533
1689
7547
2172
-2304
4404
9251
-1007
-1958
2968
-2367
5707
-2894
8993
4917
5203
4702
383
9298
6500
7081
5587
-1810
-3444
-1067
4285
-1922
-2579
7472
3105
271
9501
5860
-2182
1673
2490
3810
923
5875
264
8937
-883
2437
997
-1891
-2646
952
1813
7737
4516
9310
4817
9262
-2500
9580
-3195
-587
-2342
4226
9257
4933
4523
8758
1221
2315
430
8047
4538
5059
9531
2460
804
-1353
7240
6242
6757
4054
-3219
9567
-123
-2062
8877
7147
-979
1574
6726
5827
-1838
9847
52
-2582
5123
4549
9985
704
-3136
6606
-1249
-3414
7959
-1719
-396
-2877
6928
6437
9445
3684
-1963
-3478
3251
366
-177
2128
-2488
8845
8505
5254
4671
-3333
-1378
5878
4085
3769
9273
-291
-2978
2068
6866
3223
-2461
4825
2474
3744
8028
8432
7188
7472
2116
1171
9358
-2194
5590
-819
7496
-411
-1975
6001
-2660
30
540
5963
-2581
6753
-269
-3308
7014
4203
2828
3880
-2574
-523
-1296
-1070
4111
-3268
-2639
1298
9863
9478
6522
4448
2265
2112
2742
381
5215
9463
8342
-1351
9871
644
8518
884
7762
-1752
7576
4775
924
404
-1346
-123
771
7359
8807
1375
-1144
2261
6180
-1706
7236
2702
1856
491
5852
753
2832
-3200
9490
1173
8526
-1170
2182
898
9714
-56
-652
7289
1939
1799
-2307
3373
2705
8464
731
167
6093
4822
-3350
9526
7212
2296
2227
4972
-519
7041
9571
5619
7069
4985
-3208
9652
3766
8975
8862
3480
-1081
99
768
3638
-1222
8461
-2990
-43
6925
7742
259
-1505
2564
706
9796
5680
8664
2023
652
4140
-936
222
3005
-2002
5159
-1800
4350
-1076
-2825
-3465
7462
6094
6635
3172
-268
8533
1633
6742
8975
-1442
4484
1263
-1172
-2952
6868
-1376
-1725
9870
-1408
3380
-3413
-289
792
-2933
5844
8761
5268
5846
-2315
5493
-1837
89
8537
1368
-2251
-1732
6123
4895
2954
-1095
4979
9495
1599
2281
-3458
-1533
-1832
-730
-1663
1595
4356
3997
1264
-1216
665
-2893
9790
6331
-1266
2699
8774
6897
-2094
7311
537
5376
3835
-813
8560
590
462
-378
84
-2138
6678
6627
528
7583
741
8866
9136
-1453
2863
400
4801
3926
7507
9815
257
5299
2513
-969
4738
5301
2937
761
4796
1921
-144
-2782
2671
9385
-3311
2595
4566
4072
-778
2908
6816
5119
1773
1164
-2501
-1063
485
8467
8562
-2008
8281
-1181
4233
794
7850
7370
4809
947
4324
-2556
6112
2058
-262
8623
2376
6428
1217
4755
9795
-2182
-2338
6003
5558
9436
1173
9224
-2893
1315
7691
-247
9308
5972
1452
3540
-3235
-698
910
2860
3493
3112
3365
-395
8141
42
-1773
7546
-3531
9445
2301
7767
9884
9964
-2993
5442
9400
-2163
4666
-3518
9153
2356
-3257
8460
-1673
7558
2000
5093
-3141
1362
-2048
8507
6021
-1743
-43
152
8299
8185
8737
-3194
7630
1038
1032
7514
1002
8040
2955
401
8780
-2380
3873
-2403
9977
9979
3850
-1696
7536
5490
-2122
6355
8399
1349
6553
4420
9606
4703
5610
7905
2888
4347
4614
517
-3009
3705
-1970
6387
1745
4945
-3212
7622
-1394
7809
-1034
-1418
1986
-1769
6887
8175
6016
1285
5383
9791
1632
-2685
4449
1238
5382
59
-857
4906
1700
1817
9719
-210
-3448
3453
7298
7267
4439
2965
4889
3265
3625
7540
1627
4264
-636
-1487
2439
1462
-1204
5007
-1305
1744
4264
9790
1666
-423
-151
2951
9247
4255
2626
8140
4172
8148
8123
222
5415
2561
1146
303
5605
6812
-2157
-2768
1076
1524
5745
9630
6836
8655
8522
-2199
7093
7347
-2368
6636
-3546
1815
7446
7189
5690
72
-901
114
-1780
-2779
2913
4537
9783
4431
3937
5388
5766
8793
3563
1408
3304
8364
4922
140
2318
3444
2317
-2126
4287
4283
4546
9471
1138
8511
5518
2167
2028
3001
5819
455
-539
6382
1942
4106
5683
7819
5392
-3530
9599
8011
7879
2903
6375
2801
-1454
9280
8482
5360
-2846
354
-358
1665
5744
5740
3621
1530
-2094
-3525
6904
186
9018
7126
2802
-223
7130
8940
-2404
2522
1686
-2805
532
674
7284
-3093
6088
4804
2733
-3551
8501
3341
311
-1858
-2207
5974
9700
8627
-3233
1788
2890
3075
9437
171
297
4777
9948
7926
3716
-2457
447
9126
4738
7519
1731
4836
-2114
8502
7977
4074
-835
6477
-2586
-1032
2802
2421
-3439
-1499
1047
3328
7615
5323
6999
8825
-731
7794
7041
-463
5720
757
2985
4790
-118
-2278
-2854
2296
-1657
5033
797
6883
-894
1631
7012
6521
5328
7941
-1059
835
133
9989
5216
423
5312
2214
2686
475
8
-273
611
4903
5557
9231
1894
366
-3047
9041
-2294
-489
4074
3459
46
-1647
2758
-2942
9701
-3320
-1310
-1358
-3497
8824
-1370
7522
-754
5765
-264
-712
4480
9744
1659
993
3507
2143
223
7366
7907
7176
6407
402
-3314
480
8630
6733
3660
3874
2389
3360
3001
2481
3882
37
1305
632
-2424
348
4574
3701
2310
9321
3444
4141
313
8916
-2658
2558
6282
-1207
7712
2688
3963
8348
-2797
2593
9123
6828
6314
-2267
187
8191
7404
2188
-3106
-1292
7137
859
-742
7394
-775
1741
6714
8005
916
-2973
6920
2166
-2438
3202
7216
-946
6573
4922
-329
-942
-2485
802
954
7401
5725
6074
3514
3128
-1738
1174
8508
1082
2784
1094
-1525
-3406
7727
7791
3962
-1284
2216
-2386
4594
9779
4720
6021
8509
-2726
6762
4724
-331
9921
-1343
5555
-1896
2756
1628
2384
4378
9890
2481
6214
972
9155
-2693
9447
2186
142
3505
6784
8858
6852
8302
9740
6631
3022
1055
7441
3633
8341
6407
-2990
4437
4974
8857
721
2550
485
176
7560
375
-3337
3773
9368
2255
6419
8574
8428
1222
7512
8018
80
8337
9527
-180
8913
2549
1399
8617
-2835
-260
7002
-517
2357
8934
-1661
-2310
-497
8824
9251
9676
-801
2847
3449
545
3451
4529
1339
-457
6065
6768
767
5832
9050
294
1267
7962
6711
7052
8557
-976
-3209
5558
8507
9149
4491
-3155
2037
6607
-801
-1590
6282
4869
-1821
-270
-770
2456
5568
6753
5901
11
3520
-3332
-1617
2570
6962
1495
532
9805
-1453
-912
-1172
5338
7991
-2666
4487
9138
4180
6714
5744
9850
7958
2026
4718
9175
9401
4900
2737
647
6884
-1362
6028
404
5306
-886
-2086
2268
3366
3506
2073
6052
7382
9354
7251
-2760
-1765
1738
2008
-1469
-1549
-2274
5724
3574
4147
6983
9954
5903
7115
2691
3662
3999
7076
7946
-1220
6635
9817
-2622
-1098
3182
-2815
425
5095
9733
7581
2346
717
111
6187
7094
2526
2534
9215
4791
-3130
3361
1774
-1472
-736
-1111
8752
1182
287
-3014
-872
-2709
6714
-1055
4669
3062
-1118
5553
-3409
7222
9030
-1533
-432
-253
8578
3651
-3159
1104
3868
823
-799
2292
9418
7670
8354
-1319
-3442
7105
9864
-553
7185
-1008
6739
3899
7937
1407
9515
4342
-3040
2807
7286
-855
4573
-3147
5737
3151
650
-3056
-3523
-3312
-1366
150
8981
-1949
-2181
7334
6732
4378
4439
6596
3473
1623
6760
-1895
4238
7847
1970
6571
-683
8930
1143
3358
722
9884
-2275
7226
8867
-1771
5501
9195
4918
1868
3272
3898
9920
3751
1232
6651
5469
3010
3246
9293
7294
8834
9856
6173
8016
1825
-2149
7178
755
8995
-3184
5676
-283
4542
6332
-397
4989
9567
-3301
7689
1435
9971
1587
1354
1534
-567
-1995
6529
-1512
-787
5822
3497
7625
5678
-1404
-1356
-2498
6448
-1616
8258
5443
5201
3933
8031
-257
265
1993
2514
-168
429
202
-2115
399
-2664
2621
1460
-2025
4995
-2011
3096
6116
2152
8878
7389
9489
-2526
-3486
-3009
2951
2786
-2426
9365
-2014
9182
9518
7729
-553
-1139
243
9280
3676
-2804
7601
5489
5276
3167
5535
-3159
3792
2352
9938
5668
-2666
8815
7629
-3178
1808
5466
3814
211
4815
9063
-424
6260
8245
-907
6651
-2309
2341
772
-3030
2587
1217
-2484
92
3452
3480
7469
2891
4475
-850
1220
143
6485
9046
-2229
8727
5570
-199
7121
5546
138
6183
8940
-2584
4427
4214
-2054
3153
-3446
8719
-911
2571
-64
6606
-404
7769
7289
-1711
3334
1763
7439
4706
6886
3923
5548
-323
7230
-1710
9478
4350
1994
5119
533
-1044
1510
3437
1576
9457
-2922
-275
8175
6167
48
-1889
2772
2493
1498
60
3247
5179
323
686
9089
2704
4289
6630
3406
6986
334
2884
6189
4170
6977
-3279
8684
-1513
1681
4946
-2057
8760
6020
-2254
4927
8316
4228
-2301
6159
-2362
7760
6522
-2516
9583
-2793
9994
5785
1816
8431
6718
3654
2373
-399
-157
-3458
-3422
6565
-332
5065
-1754
5963
1554
-2995
1983
-875
6449
299
-1868
-370
3574
-920
-2611
95
-15
-3028
7302
-22
284
-883
2017
-2999
788
4007
6603
2614
932
2768
-822
1924
8246
7424
6563
-2240
8558
-1454
379
542
8846
3732
5992
2419
7344
8205
3694
2796
353
9816
5719
5605
-1068
4792
-2362
1703
9182
-761
2996
113
-2577
3496
713
-1325
919
-2725
-3078
5349
5822
7301
-947
4667
1033
7701
-2914
3845
-2014
-401
-3360
1435
-586
-585
2072
8347
299
9711
50
5364
8865
4367
3501
1375
-2138
578
7044
8782
1489
3367
4131
-2690
1649
5841
7614
2301
3542
-937
3198
4624
8663
2785
-2440
-1923
2010
8131
-3521
3081
7842
6474
-207
-1312
840
-870
3169
8703
-2493
212
7485
8997
4179
1615
3849
5446
-2545
-1716
-2253
-3169
7348
3892
5620
6011
-3323
6906
9623
-1123
9809
512
5283
7651
-3015
5217
9444
7826
-1630
2612
6528
5878
8755
4013
4874
7003
4935
6195
2449
3082
-535
8929
4079
-3187
4088
-302
5753
8452
1377
-3088
-359
1186
7424
4875
-1164
4729
1
-1721
1572
8372
5550
8763
4249
5146
2775
-877
-481
8402
304
3168
1484
9769
3364
7350
-3418
-2549
5261
-595
-1785
-3363
6317
7857
7823
3741
9232
-3342
8149
2782
4938
2225
1154
5829
9146
4227
9545
1920
4526
8468
322
-327
3431
-651
148
-3205
-2631
1180
4246
6403
4165
-255
-733
6903
-2801
-2911
643
-3121
3748
-1208
5882
-1315
-825
-2964
4735
-1679
2439
9180
6427
-3035
621
563
1795
7754
2370
6393
2228
9739
-2427
8795
7797
-1841
288
1635
6960
537
8724
5705
3359
2472
2015
7049
6903
3672
-2407
3672
5184
-3342
-269
4064
-3004
4054
2797
8792
1808
-1133
5185
6357
2903
3598
5151
-2727
916
6408
8909
5978
7982
7632
1682
-1980
104
6179
453
1261
-150
806
6933
1843
838
-3336
4077
7835
-3049
-3126
6626
2526
2041
1810
-1118
6947
4568
8631
764
2672
4588
1645
530
8423
8522
3144
6311
865
-678
-473
1692
9173
5099
9059
1015
1740
-619
8505
8910
7791
1967
1782
8966
1822
2208
-2152
6188
-3225
1881
5050
2260
2321
-1696
3721
744
-936
-3136
1823
9930
6187
6116
8084
5359
1214
3639
3974
7152
-3165
1466
6067
3276
5334
-3171
2242
-2560
3529
2934
-1605
7787
1971
3570
2564
-3448
3996
3236
5036
939
3150
-3142
868
-664
471
2922
9960
4188
4035
1068
1339
-2872
5068
2262
4146
6278
3584
-1363
3407
-2888
-3523
1323
-2583
8448
5373
9982
8248
7247
-1268
7775
-1815
9416
-71
9053
-1249
-2394
1975
3446
-2125
2285
8305
3133
-3120
-2952
2971
-763
3016
8979
-2587
8939
2523
3891
-1775
3509
2338
8491
3490
5078
4374
9757
2853
-972
9172
7486
-1919
-2077
2464
7314
8933
-3114
-484
4953
7989
2945
2932
-2680
3970
7644
9314
2780
2370
484
5274
5905
-246
-2388
-1040
7483
8666
7744
7239
5543
4064
6411
3029
5414
2029
8122
8474
-3123
1272
-1736
1587
1217
1927
3531
441
5179
467
4834
6563
1854
2931
1837
-2529
-689
9450
-2376
-3207
7309
2659
2131
7683
-3277
8331
711
-1132
3078
-1168
1068
480
3840
9333
-2798
8866
-441
-3414
-693
5720
7053
2443
2283
9890
-542
1089
1216
8769
-1953
945
-3363
9271
5232
-406
8096
327
36
4102
9196
4813
5329
263
5605
6774
-405
-2640
5640
136
3947
-839
9346
999
-914
8140
889
8545
7687
4210
7314
-677
8997
-449
1535
-1241
2470
4926
9087
735
-973
8282
7320
1961
-1455
-3329
-1265
8140
-27
5341
-1724
7982
-679
4133
4919
8408
2272
8979
6953
4531
9054
4267
7012
-1229
7143
1893
3931
-387
-3181
3017
2120
5847
1299
-561
-2192
9844
2052
6543
7984
-743
4759
8471
2605
239
1946
2815
-1354
2665
-3331
9904
-2805
-3314
9866
-2447
1858
7008
9447
-453
-3379
-1065
8806
8741
1654
105
-1821
-81
-51
6259
-3538
-2067
1474
-2620
4193
-1802
7619
4586
-940
4352
-2750
5729
1864
4445
-1865
1729
-1739
4273
-1263
-958
2753
5358
-2291
8868
4099
-179
-1028
-2307
9740
8922
6287
207
-3146
-204
3582
301
2963
1200
5633
6652
7465
363
7752
-671
7328
4018
1580
9326
4439
-205
771
4501
2912
-1521
3368
9252
8300
1938
2240
8040
-1750
3288
7461
-1884
-1197
7824
-837
7302
-976
5910
-589
-3511
-2322
2088
5818
5898
5509
6876
5187
6145
-3329
2756
645
1824
3582
1783
1076
1882
7487
2606
-78
-2385
6645
4164
5731
-3509
1988
8717
-2787
9906
-311
1001
-2499
7368
2540
3144
1890
4245
6283
-3294
389
-3135
1809
5993
8690
8783
1051
-235
7273
1401
-112
-2806
9016
9016
8669
4746
1029
3346
9640
1676
4358
-671
8532
8650
-3304
5216
4779
-930
-539
948
5777
9851
2238
-2415
7379
927
2976
4122
-2110
248
7333
8084
7442
6348
3513
8801
1094
-3459
2146
734
8218
-3496
6579
69
-1637
-3241
6110
3541
5830
7701
8913
1607
3066
1150
9192
7581
3347
2168
2238
-3173
7151
-430
3107
9858
1357
-2089
8658
7012
4453
804
-2255
2670
7308
-2192
3564
4006
4568
-326
9212
398
5246
8124
2379
3715
-726
3556
-3027
1351
3364
9212
4120
5780
-1219
9952
5638
4699
-2138
4296
1711
6038
4378
9457
4985
-2757
-2735
-1451
-1922
-1986
8223
-2711
2231
3468
370
4235
4135
4688
5431
2854
2369
-1205
6879
659
2918
-899
3957
6196
3720
-2028
4508
5512
287
9608
4968
8392
1046
2993
3821
93
4748
2044
7383
6297
-2357
-2396
532
9648
7484
1108
657
-2285
4758
-1320
-1976
9333
177
4389
9546
3977
1761
4053
-511
5646
3661
3492
-2680
5676
-3310
2249
6722
756
3185
2519
-2947
8697
5565
7585
8344
3183
6298
9100
-3048
8305
-3115
632
7638
352
4421
7183
7566
-2856
1236
3819
-1770
6536
8276
5551
-365
8475
6692
6596
5721
-124
-508
1924
-1427
5439
2379
-3083
8870
515
2195
-468
7775
-2762
6454
9848
6546
875
7031
1901
7057
-1734
4694
598
3163
2969
1573
3736
7934
7529
1793
3655
-2595
-432
6429
5979
-1149
6787
3842
5618
-846
-1087
-300
6182
5106
3143
-2342
1651
7028
9780
2526
4085
-1954
-2781
9372
7304
-522
4158
4945
8122
7738
5021
1777
9730
-1018
-1795
4420
-403
7311
5488
3474
5666
2932
-1784
-1414
-1962
-673
1335
9690
7952
1114
2216
-3235
9160
9436
9812
9697
9624
2773
5314
7745
7759
335
-479
4587
4924
7727
-3480
-2112
6599
-1956
7995
-1597
-1476
1151
6989
-986
496
-1676
-1297
6852
9438
354
7292
8598
2513
7104
8968
9977
7125
4281
7722
4884
7661
-2757
7786
9539
-251
5236
3175
-2311
-145
1671
6092
830
8690
3081
9845
3718
-1454
-1453
569
-3372
-534
-2139
9441
-180
-2728
8409
-203
2944
2689
-2481
6972
7305
4762
4758
6844
9733
6569
2178
-2579
3177
-2114
-3301
7254
-79
6595
7099
9897
8000
6363
466
8843
5112
8327
8284
6737
2442
6692
4728
8170
-620
8638
-3504
-3315
7009
7110
-2791
6741
3679
-30
4485
6763
-2613
-2325
7357
3566
-152
4455
3463
2062
4551
3684
-80
5212
6979
9395
-727
-152
6086
4872
925
7292
7119
3277
2151
4128
386
5679
869
1524
-37
5031
7480
-2503
8193
8099
961
-3024
5978
4526
-755
6078
8455
356
1290
5873
-250
1433
7239
8326
8861
7180
1302
5486
456
-2323
7551
3716
9132
-1581
3982
9242
5298
-926
-3261
8379
598
-2197
3132
-3425
9173
-1270
-3371
6548
2733
3943
9688
-3407
5516
-2253
-1681
1680
3331
9622
5103
5383
1864
2653
6225
1534
-2768
3723
7548
649
207
-1813
677
3063
5990
3695
-2621
8320
8419
33
9103
8918
4809
-3433
4615
-648
-1658
-281
2543
3269
-660
6135
-1349
2415
-1212
2182
4621
-140
-3058
6069
4382
6216
2753
3479
7020
3920
-1134
-1720
8565
5051
4433
7668
3968
8409
8263
5369
-2240
-3395
2437
-1208
9875
4428
4242
-1475
-3157
3716
3402
-361
-341
9412
7532
7958
5627
3510
6665
2647
1970
1882
7047
-3101
-3067
1479
8266
-1310
-113
6529
6270
7648
6954
-3273
-982
8887
5786
1368
1533
1851
-570
4386
922
-1340
9430
214
-3382
9974
3023
-367
2621
2662
-3425
-333
4013
-1552
2590
2994
-651
1034
7779
6601
-1319
-55
-3024
5122
-3026
3338
-3510
8508
9672
1574
8068
-518
4876
-2210
1105
-3148
-2236
4515
6486
9589
9957
8001
51
6621
7466
1198
301
5798
8508
1134
6665
913
5101
-1608
4956
2578
1155
2525
4956
6545
7553
1539
9845
5146
1816
7132
1185
9580
1646
-2330
9965
1603
616
16
7600
2119
3748
-2100
-2084
-949
9035
-668
4358
4135
7725
1589
6210
-1121
2917
6793
1050
7016
-2818
1451
6394
2635
-1417
2533
2215
8261
-2166
2179
1832
1878
8462
-569
7992
7411
7332
9956
-3147
6366
5241
7799
501
2965
10000
-3290
5112
4520
1466
-2732
1535
6394
8720
2883
6957
-2698
-772
-828
-2469
404
5195
9363
1492
2789
-1206
-516
-3045
9349
5392
3808
3131
632
5019
2991
4653
6622
9702
5956
1141
431
2710
9002
-2474
1430
5558
4902
8732
5870
3656
4643
-3408
5007
1690
8084
8554
4419
-2432
-2627
4996
-2336
9317
3689
3592
4335
6025
7190
957
5727
8700
9695
8932
5342
5210
-3542
-3229
-91
942
8136
-1670
1129
1765
-2103
9605
7391
-1059
8158
1809
3549
5720
2353
6509
2392
5387
101
7318
1412
-2710
-1726
-2861
-78
372
-1361
2822
5145
2528
2034
5477
7622
7537
6782
-1934
-698
8403
-2329
-3307
660
9005
8503
-350
-506
855
8220
2476
3685
819
-206
7655
8110
8069
6296
-1969
-1560
863
3295
-2031
8480
-1209
9062
-3140
7174
5843
4927
2169
3146
1773
8862
1181
-1574
7364
5390
7920
-1781
6108
396
4461
-3074
9130
2115
3734
8259
6909
3068
-3302
-2228
-2993
284
1163
1692
-655
8024
4558
7868
2951
-3274
-3393
5549
6584
6890
7602
-1198
2279
3757
1170
-1613
2291
-2919
5314
2481
7746
2800
740
4655
3417
7438
4771
9780
-2278
3589
1471
7067
1613
4419
8617
8637
2755
-2036
-1247
8343
632
3355
251
7133
5205
2464
-2496
8273
8094
795
754
5840
7019
8045
494
4600
8932
2921
4379
-3347
-3490
9413
-846
8123
1879
-3022
7805
3265
3939
520
8987
8792
-3114
8381
5925
2868
6733
6155
1140
4827
-2951
7831
667
-1996
5399
535
8059
5427
4082
2437
-1028
9456
8288
2692
8715
166
8667
-128
4799
2605
486
7775
1397
1086
2751
-2679
2253
8778
-1235
5094
3605
1042
6988
6783
4501
259
9979
2559
-1981
9516
6084
1665
2139
4346
2714
8821
3450
8324
9045
-1751
5628
268
-2704
-2976
5507
-1931
4345
9461
-3153
2578
4554
-452
4152
1541
1079
-1348
1916
158
5365
4609
-327
-3296
8233
-221
-507
630
-1400
5969
3653
-1179
1191
-720
3242
7216
6304
-1251
5662
649
-1791
2131
3759
-2112
2583
-2089
4305
7307
6564
6804
-2536
7776
2139102064
32691
-196397568
-701977741
-683288544
32767
0
0
2139102064
32691
2126257047
32691
1
0
-683288536
32767
32768
1
2139100278
32691
0
0
649829169
-87802460
2139097856
32691
-683288544
32767
0
0
0
0
-1090806991
-94540753
650484529
-87801892
0
32767
0
0
0
0
2134968115
32691
2134841784
32691
4542349
0
0
0
0
0
0
0
2139097856
32691
-683288544
32767
2139097898
32691
-683288552
32767
28
0
1
0
-683288009
32767
0
0
-683288002
32767
-683286486
32767
-683286470
32767
-683286436
32767
-683286423
32767
-683286394
32767
-683286378
32767
-683286330
32767
-683286308
32767
-683286293
32767
-683286228
32767
-683286212
32767
-683286192
32767
-683286184
32767
-683286165
32767
-683285130
32767
-683285122
32767
-683285090
32767
0
0
33
0
-675848192
32767
16
0
529267711
0
6
0
4096
0
17
0
100
0
3
0
2139095104
32691
4
0
56
0
5
0
9
0
7
0
2134900736
32691
8
0
0
0
9
0
2139097856
32691
11
0
1000
0
12
0
1000
0
13
0
1000
0
14
0
1000
0
23
0
0
0
25
0
-683288032
32767
31
0
-683285081
32767
15
0
-683288016
32767
0
0
0
0
0
0
0
0
0
0
0
0
-196397479
-701977741
1632765997
-845643055
1597388920
771765302
1767992623
1397489774
1280263007
1028870735
809333618
1030317114
859517232
1852586548
993079357
1832531507
808467816
1030320186
859516980
1869822515
993079357
1681536307
825245039
976565051
876438626
858995504
976302139
876438627
858995504
976302139
876442223
825441072
976302139
809331053
1970485808
993473341
1933193524
808664423
976434235
859660643
825506608
1031238714
876294195
2003778098
993276733
1933193780
926104948
976499771
809334885
842218289
1949182522
809333345
825441073
1949182522
809335399
825441073
1630415418
809329522
825441073
1630415418
809331314
825441073
1949182522
809335393
825441073
1814964794
809329000
825441073
1814964794
809317498
825441073
1814964794
809330810
825441073
1814964794
1029795194
859517232
774519345
1031433332
859517232
774519345
1031436404
859517232
774519345
1030716020
859517232
774519345
1031419764
859517232
774519345
1030777210
859517232
774519345
825245050
976302907
1029320234
859517232
774519345
809335396
825441073
1731078714
825245050
976302907
1919692330
825245050
976302907
2053910058
993079357
708456755
1870294062
993079357
708456755
1031436334
859517232
774519345
1031041914
859517232
774519345
1953725044
993079357
708456755
846881326
993079357
708456755
1031430702
859517232
774519345
1031430772
859517232
774519345
846881396
993079357
708456755
1031435310
859517232
774519345
1029858660
859517232
774519345
1030582386
859517232
774519345
1030906218
859517232
774519345
1030906231
859517232
774519345
1030906213
859517232
774519345
1030906227
859517232
774519345
1030906226
859517232
774519345
1031433313
859517232
774519345
1030054753
859517232
774519345
1030713210
859517232
774519345
1869181027
993079357
708456755
1031419694
859517232
774519345
809335410
825441073
1663969850
809329249
825441073
1999514170
809332073
825441073
1932405306
809332087
825441073
1680747066
809332087
825441073
1697524282
809329779
825441073
1781410362
809330544
892549937
1781410362
1030186352
859517232
774519349
1735420525
993079357
708457779
1886022958
809330533
892549937
1731078714
809330281
892549937
1647192634
809332845
892549937
1882073658
809332066
892549937
1882073658
809332071
892549937
1882073658
809332080
892549937
1949182522
809328999
892549937
2016291386
809332066
892549937
2016291386
809332080
892549937
1949182522
809330281
892549937
1949182522
1030121065
859517232
774519349
1030188656
859517232
774519349
1030190707
859517232
774519349
2053600883
993079357
708457779
1735290158
993079357
708457779
2019782702
993079357
708457779
1987013934
993079357
708457779
1735421230
993079357
708457779
1701866798
825245031
976565051
846016042
825245046
976565051
1802317354
825245046
976565051
1702309418
809332066
892549937
1865296442
809332071
892549937
1831742010
809317488
892549937
1831742010
809334324
892549937
1831742010
1031156848
859517232
774519349
1029861238
859517232
774519349
809333873
892549937
1848519226
809334389
892549937
1999514170
809334381
892549937
1630415418
809330291
892549937
1915628090
825245037
976565051
1836199466
809329270
892549937
1714301498
809329516
892549937
1630415418
809331062
892549937
1714301498
809331052
892549937
1714301498
809334380
892549937
1731078714
825245036
976565051
1818504746
993079357
708457779
1717794862
993079357
708457779
1685551150
993079357
708457779
1987410222
993079357
708457779
1835492142
993079357
708457779
1718445358
993079357
708457779
1986490158
993079357
708457779
2020044590
993079357
708457779
1667326254
993013821
708458035
1031102766
859516976
774519350
1667329126
993013821
708458035
1630825774
993013821
708458035
1684630830
993013821
708458035
1684630830
808467817
976630587
1802317354
808467809
976630587
1886203434
808467763
976630587
1886203434
808467811
976630587
1735339562
808467815
976630587
1634872874
993013821
708458035
1986098990
993013821
708458035
1634168622
993013821
708458035
1970302766
808467827
976630587
1886596650
808467832
976630587
1937255978
809330288
909327152
1330118714
1498698835
2017281360
912209464
1162608692
1279480659
1027953487
1920169263
1852400175
1936026671
1885958259
1931812965
7546144
1196310860
1429095229
942491220
1280530176
1397310559
1599033940
1162690894
1969378621
762672238
808335409
1398079540
1664963141
1953720690
1701343343
1464860786
1831812420
1664054382
1702057263
1294955378
828326483
1698967353
1869900659
1633824624
1600350579
1869048929
1836345714
1330118771
792544589
1701670760
1769104175
1886352499
7497064
1162690894
1869179709
812873517
1476409649
1147094852
1598116929
1397901636
1937059645
1869361010
795631971
1918986355
1966029413
1932489331
1701994856
1635135290
1768697714
1853042530
795111521
1802724708
7368564
1279608915
1647263052
1647275625
6845281
1297237332
1702131773
841837938
1868772917
7499628
1447839827
3226956
1313296204
1027951937
1936290403
1752199028
1342206565
1028150337
1920169263
1668246575
1932487777
980314466
1920169263
1668246575
1647275105
792358505
796029813
1852400243
1937059642
1768042354
1932474990
980314466
1852400175
1937059642
1634152306
980641133
1920169263
1668246575
1731161185
1936026977
1852649274
795029364
1735357008
544039282
1701603654
2015895667
791230008
1702519122
1749229682
1634561906
1262768928
1852400175
1852649274
795029364
1735357008
544039282
1701603654
1632776051
544367994
1869768771
1394631021
1647266628
792358505
796159597
1917857635
1634887535
1766203501
544433516
909670440
1866673961
1852796269
1818838560
1328509797
1818452338
1632251749
1781490038
1885435489
979924065
1953393967
1462723375
1329876553
1932481367
1702130553
976368493
1953393967
1462723375
1329876553
792351575
796159597
1230450531
1464812622
2035494739
1835365491
1462710835
980247906
1953393967
1462723375
1329876553
1395610455
1702130553
791819117
1684957527
1349744495
1919252335
1818585171
829828972
976171054
1953393967
1462723375
1329876553
1395610455
1702130553
791819117
1852141647
793269075
1852649274
795029364
1735357008
544039282
1701603654
1869492083
1936352612
1831811631
1664054382
1835104303
1882157168
792359016
796159597
1868771171
1936683117
792359525
796159597
1917267811
1701602401
1634887471
761621604
775237173
1768042289
1831811694
1664054382
1869762607
1835102823
1818838560
1194292069
1664054377
792355949
796159597
1968320355
909277538
875984941
1852400175
1852649274
795029364
1919251285
1397567347
959536962
1886404911
1635017028
1668238383
1294953569
1869767529
1952870259
1852397359
1937207140
1936748609
1852649274
795029364
1919251285
1397567347
959536962
1886404911
1635017028
1634685487
1735289197
1836084783
1852649274
795029364
1919251285
1397567347
959536962
1886404911
1635017028
1668238383
1345285217
1919381362
796093793
1919117645
1718580079
1398153332
1685013280
1768042341
1831811694
1664054382
1702057263
1294955378
828326483
1883320121
1952531568
1867657057
1852403041
1866674023
1936683117
1982820965
1868852837
1768042354
1831811694
1664054382
1651855919
758526585
791950968
980314466
1953393967
1429168943
1936876915
1112755503
792277343
1148219457
794915937
1633906508
1766666092
1936683619
796157551
1684957527
1098086255
980643952
1953393967
1429168943
1936876915
1112755503
792277343
1148219457
794915937
1835102034
795307625
980250734
1953393967
1429168943
1936876915
1112755503
792277343
1148219457
794915937
1633906508
1917857644
1634887535
1294955373
1869767529
1952870259
542332448
1701080899
1852400175
1852649274
795029364
1919251285
1397567347
959536962
1886404911
1635017028
1634685487
1735289197
1836008239
1702063984
1702244210
1919902830
1852400175
1852649274
795029364
1684107847
1731159404
1818517874
775236965
791752245
980314466
1634628399
1768042352
1398210670
1447970124
1162608701
1347375955
2084392517
1937059616
1768042354
1701588846
1768977267
622880112
1029636211
1634545454
771780201
1767992623
110
0
0
0
0
0
0
0
0
0
0
0
0
0
0
0
0
0
0
0
0
0
0
0
0
0
0
0
0
0
0
0
0
0
0
0
0
0
0
