-10000
-9999
-9996
-9992
-9992
-9990
-9988
-9985
-9984
-9983
-9983
-9981
-9981
-9980
-9980
-9978
-9975
-9975
-9974
-9973
-9971
-9969
-9958
-9956
-9956
-9955
-9953
-9952
-9948
-9945
-9944
-9944
-9942
-9939
-9939
-9938
-9937
-9936
-9936
-9935
-9934
-9931
-9931
-9929
-9927
-9924
-9923
-9923
-9921
-9921
-9917
-9916
-9915
-9911
-9906
-9903
-9902
-9900
-9900
-9899
-9898
-9894
-9892
-9892
-9891
-9891
-9888
-9886
-9884
-9882
-9880
-9878
-9878
-9875
-9872
-9869
-9867
-9865
-9861
-9861
-9860
-9857
-9857
-9848
-9846
-9843
-9843
-9841
-9841
-9841
-9834
-9831
-9829
-9829
-9825
-9823
-9819
-9819
-9813
-9812
-9811
-9810
-9806
-9805
-9802
-9799
-9798
-9792
-9790
-9789
-9788
-9788
-9788
-9786
-9782
-9780
-9779
-9778
-9772
-9770
-9770
-9767
-9767
-9766
-9766
-9765
-9761
-9759
-9756
-9755
-9754
-9753
-9751
-9744
-9741
-9740
-9737
-9737
-9734
-9730
-9729
-9723
-9723
-9722
-9719
-9717
-9717
-9713
-9713
-9711
-9709
-9708
-9704
-9699
-9696
-9696
-9692
-9691
-9687
-9686
-9682
-9682
-9681
-9677
-9676
-9675
-9674
-9669
-9669
-9668
-9667
-9665
-9662
-9653
-9651
-9651
-9650
-9649
-9647
-9645
-9644
-9644
-9643
-9642
-9641
-9633
-9632
-9631
-9629
-9626
-9625
-9622
-9622
-9621
-9617
-9616
-9616
-9614
-9612
-9609
-9608
-9608
-9608
-9603
-9603
-9600
-9594
-9593
-9590
-9587
-9586
-9583
-9583
-9582
-9581
-9579
-9579
-9577
-9577
-9572
-9565
-9561
-9560
-9560
-9558
-9557
-9557
-9555
-9555
-9549
-9549
-9549
-9542
-9540
-9534
-9531
-9523
-9519
-9518
-9518
-9517
-9515
-9509
-9508
-9503
-9502
-9497
-9494
-9493
-9492
-9488
-9488
-9487
-9484
-9483
-9479
-9478
-9477
-9471
-9470
-9470
-9465
-9465
-9465
-9459
-9457
-9455
-9455
-9450
-9444
-9444
-9439
-9438
-9436
-9431
-9430
-9429
-9428
-9427
-9425
-9420
-9420
-9418
-9417
-9415
-9413
-9411
-9409
-9409
-9408
-9406
-9406
-9406
-9405
-9405
-9403
-9401
-9401
-9399
-9397
-9394
-9392
-9392
-9390
-9390
-9388
-9388
-9386
-9381
-9375
-9370
-9368
-9367
-9367
-9364
-9362
-9360
-9360
-9360
-9360
-9357
-9354
-9353
-9353
-9348
-9346
-9344
-9343
-9341
-9340
-9339
-9338
-9335
-9333
-9320
-9318
-9317
-9317
-9314
-9313
-9311
-9309
-9308
-9306
-9300
-9300
-9299
-9292
-9292
-9291
-9291
-9290
-9290
-9289
-9287
-9286
-9285
-9284
-9284
-9283
-9283
-9283
-9282
-9282
-9274
-9271
-9271
-9270
-9270
-9269
-9267
-9267
-9264
-9257
-9256
-9254
-9252
-9249
-9247
-9245
-9244
-9242
-9240
-9237
-9236
-9236
-9236
-9235
-9233
-9233
-9230
-9220
-9218
-9217
-9215
-9210
-9209
-9207
-9206
-9206
-9205
-9199
-9196
-9196
-9194
-9193
-9191
-9188
-9185
-9183
-9182
-9175
-9171
-9168
-9167
-9167
-9163
-9159
-9158
-9158
-9158
-9157
-9157
-9152
-9149
-9149
-9142
-9141
-9139
-9136
-9133
-9133
-9132
-9130
-9128
-9128
-9126
-9124
-9124
-9123
-9122
-9121
-9119
-9119
-9117
-9116
-9113
-9113
-9109
-9109
-9107
-9106
-9106
-9106
-9105
-9101
-9100
-9099
-9098
-9096
-9095
-9091
-9083
-9082
-9081
-9078
-9077
-9074
-9073
-9070
-9064
-9060
-9059
-9057
-9057
-9050
-9049
-9046
-9046
-9042
-9041
-9040
-9034
-9033
-9032
-9030
-9030
-9029
-9028
-9027
-9026
-9026
-9025
-9024
-9021
-9017
-9017
-9015
-9012
-9011
-9010
-9004
-9002
-8997
-8997
-8995
-8995
-8992
-8992
-8991
-8990
-8989
-8989
-8981
-8981
-8976
-8976
-8976
-8975
-8973
-8970
-8969
-8968
-8967
-8967
-8966
-8965
-8963
-8963
-8962
-8960
-8957
-8953
-8952
-8951
-8950
-8943
-8942
-8941
-8940
-8939
-8937
-8937
-8932
-8932
-8930
-8929
-8929
-8928
-8928
-8925
-8921
-8920
-8919
-8918
-8917
-8916
-8912
-8910
-8907
-8900
-8893
-8892
-8892
-8889
-8888
-8887
-8885
-8881
-8880
-8878
-8876
-8873
-8871
-8870
-8869
-8868
-8863
-8863
-8863
-8859
-8855
-8854
-8853
-8851
-8849
-8848
-8843
-8839
-8839
-8835
-8832
-8832
-8831
-8826
-8825
-8825
-8825
-8823
-8821
-8820
-8820
-8818
-8817
-8814
-8811
-8810
-8804
-8804
-8802
-8797
-8792
-8791
-8791
-8791
-8790
-8789
-8787
-8784
-8781
-8776
-8765
-8760
-8759
-8759
-8756
-8750
-8750
-8747
-8747
-8744
-8744
-8743
-8742
-8739
-8739
-8736
-8734
-8733
-8733
-8730
-8729
-8729
-8726
-8717
-8714
-8709
-8707
-8703
-8701
-8700
-8699
-8698
-8695
-8695
-8692
-8689
-8688
-8687
-8683
-8682
-8680
-8679
-8672
-8672
-8667
-8667
-8658
-8655
-8654
-8652
-8652
-8651
-8651
-8649
-8648
-8647
-8647
-8643
-8642
-8640
-8638
-8636
-8631
-8631
-8626
-8624
-8620
-8620
-8618
-8618
-8617
-8605
-8603
-8602
-8602
-8601
-8600
-8600
-8599
-8598
-8597
-8596
-8595
-8592
-8590
-8589
-8585
-8584
-8584
-8577
-8574
-8572
-8568
-8557
-8556
-8556
-8555
-8554
-8553
-8553
-8550
-8547
-8547
-8545
-8545
-8539
-8537
-8536
-8536
-8530
-8528
-8526
-8525
-8524
-8519
-8517
-8517
-8515
-8511
-8510
-8510
-8508
-8508
-8507
-8504
-8501
-8497
-8492
-8488
-8485
-8482
-8477
-8474
-8471
-8465
-8461
-8461
-8460
-8455
-8449
-8448
-8447
-8442
-8441
-8441
-8438
-8436
-8436
-8435
-8432
-8431
-8426
-8424
-8421
-8420
-8418
-8415
-8410
-8408
-8398
-8397
-8393
-8392
-8385
-8378
-8377
-8375
-8375
-8373
-8372
-8370
-8369
-8368
-8366
-8366
-8365
-8363
-8358
-8357
-8354
-8353
-8349
-8349
-8348
-8348
-8346
-8342
-8342
-8335
-8329
-8325
-8325
-8322
-8318
-8317
-8317
-8315
-8313
-8313
-8312
-8311
-8306
-8302
-8298
-8295
-8291
-8289
-8284
-8283
-8280
-8279
-8279
-8274
-8268
-8268
-8267
-8265
-8265
-8261
-8257
-8255
-8254
-8249
-8248
-8248
-8245
-8244
-8244
-8242
-8242
-8240
-8238
-8236
-8235
-8235
-8230
-8230
-8223
-8221
-8220
-8217
-8217
-8215
-8214
-8212
-8211
-8208
-8208
-8207
-8207
-8207
-8206
-8203
-8203
-8202
-8199
-8198
-8198
-8195
-8194
-8193
-8189
-8189
-8179
-8177
-8177
-8175
-8175
-8175
-8174
-8172
-8167
-8165
-8163
-8163
-8162
-8161
-8160
-8156
-8151
-8151
-8149
-8147
-8143
-8142
-8138
-8133
-8132
-8132
-8131
-8130
-8128
-8126
-8126
-8125
-8125
-8125
-8125
-8124
-8122
-8119
-8119
-8115
-8115
-8114
-8112
-8110
-8107
-8106
-8105
-8103
-8103
-8102
-8102
-8100
-8097
-8097
-8096
-8095
-8094
-8088
-8086
-8082
-8077
-8072
-8071
-8069
-8068
-8068
-8067
-8066
-8065
-8058
-8053
-8051
-8051
-8050
-8050
-8048
-8046
-8044
-8043
-8040
-8039
-8035
-8034
-8027
-8026
-8025
-8024
-8023
-8023
-8022
-8021
-8018
-8017
-8017
-8016
-8015
-8015
-8015
-8014
-8011
-8011
-8009
-8009
-8008
-8008
-8008
-8003
-8003
-8002
-7999
-7996
-7996
-7995
-7994
-7987
-7986
-7986
-7983
-7982
-7979
-7978
-7978
-7976
-7973
-7971
-7971
-7971
-7971
-7971
-7970
-7968
-7968
-7967
-7966
-7965
-7964
-7963
-7963
-7962
-7962
-7961
-7959
-7956
-7956
-7956
-7954
-7953
-7952
-7952
-7952
-7951
-7949
-7947
-7947
-7946
-7939
-7937
-7936
-7936
-7933
-7933
-7928
-7925
-7924
-7922
-7917
-7914
-7913
-7913
-7912
-7905
-7903
-7899
-7894
-7889
-7889
-7886
-7885
-7883
-7882
-7880
-7875
-7875
-7873
-7873
-7870
-7866
-7863
-7861
-7861
-7856
-7850
-7848
-7846
-7843
-7843
-7839
-7839
-7832
-7831
-7828
-7828
-7825
-7824
-7824
-7824
-7824
-7819
-7818
-7816
-7816
-7815
-7814
-7814
-7811
-7810
-7806
-7806
-7805
-7805
-7801
-7801
-7800
-7800
-7799
-7797
-7794
-7792
-7792
-7791
-7778
-7775
-7774
-7772
-7772
-7769
-7767
-7767
-7766
-7766
-7764
-7764
-7763
-7757
-7756
-7753
-7753
-7749
-7747
-7746
-7746
-7745
-7742
-7742
-7741
-7741
-7740
-7737
-7736
-7735
-7735
-7735
-7733
-7731
-7731
-7730
-7730
-7724
-7722
-7720
-7719
-7719
-7716
-7716
-7715
-7714
-7713
-7711
-7709
-7707
-7707
-7705
-7700
-7695
-7692
-7692
-7689
-7685
-7685
-7685
-7682
-7678
-7678
-7677
-7671
-7671
-7670
-7668
-7660
-7660
-7660
-7655
-7649
-7647
-7646
-7644
-7642
-7638
-7638
-7636
-7632
-7629
-7626
-7626
-7625
-7624
-7624
-7621
-7618
-7617
-7616
-7613
-7609
-7609
-7609
-7607
-7605
-7601
-7601
-7597
-7596
-7596
-7594
-7593
-7593
-7589
-7587
-7585
-7585
-7585
-7585
-7584
-7578
-7575
-7575
-7574
-7574
-7566
-7560
-7560
-7559
-7559
-7558
-7556
-7554
-7551
-7549
-7547
-7544
-7543
-7539
-7539
-7539
-7526
-7524
-7521
-7518
-7518
-7517
-7516
-7515
-7510
-7501
-7495
-7494
-7492
-7492
-7491
-7491
-7491
-7490
-7487
-7480
-7480
-7479
-7479
-7479
-7476
-7474
-7469
-7467
-7466
-7464
-7464
-7449
-7446
-7446
-7445
-7442
-7432
-7428
-7423
-7418
-7418
-7417
-7413
-7412
-7411
-7410
-7407
-7407
-7406
-7405
-7403
-7401
-7400
-7399
-7397
-7388
-7386
-7385
-7384
-7384
-7381
-7381
-7375
-7375
-7372
-7371
-7369
-7367
-7367
-7366
-7360
-7354
-7354
-7352
-7350
-7349
-7349
-7347
-7344
-7343
-7340
-7339
-7338
-7338
-7338
-7338
-7337
-7334
-7334
-7333
-7333
-7330
-7329
-7328
-7327
-7327
-7325
-7324
-7322
-7319
-7315
-7314
-7311
-7310
-7307
-7305
-7304
-7302
-7300
-7294
-7289
-7289
-7289
-7286
-7286
-7283
-7281
-7279
-7278
-7277
-7275
-7272
-7261
-7261
-7261
-7261
-7258
-7256
-7255
-7253
-7251
-7243
-7243
-7239
-7238
-7238
-7238
-7237
-7236
-7231
-7230
-7229
-7229
-7229
-7227
-7227
-7226
-7226
-7224
-7223
-7223
-7223
-7222
-7220
-7219
-7219
-7219
-7217
-7216
-7216
-7213
-7213
-7211
-7208
-7206
-7204
-7204
-7201
-7200
-7199
-7199
-7194
-7193
-7190
-7189
-7187
-7186
-7182
-7180
-7179
-7179
-7179
-7177
-7176
-7176
-7175
-7168
-7168
-7166
-7164
-7164
-7158
-7158
-7156
-7156
-7155
-7154
-7150
-7150
-7143
-7141
-7140
-7140
-7138
-7138
-7136
-7136
-7134
-7132
-7130
-7128
-7124
-7124
-7123
-7122
-7121
-7119
-7117
-7117
-7116
-7115
-7112
-7112
-7112
-7111
-7111
-7109
-7109
-7108
-7105
-7104
-7101
-7099
-7099
-7098
-7098
-7097
-7097
-7096
-7095
-7093
-7093
-7091
-7081
-7078
-7069
-7068
-7066
-7059
-7058
-7054
-7053
-7052
-7049
-7047
-7045
-7044
-7041
-7039
-7036
-7036
-7036
-7034
-7033
-7031
-7030
-7027
-7027
-7027
-7026
-7024
-7024
-7020
-7018
-7016
-7009
-7003
-7003
-7001
-6999
-6999
-6998
-6996
-6994
-6993
-6993
-6990
-6986
-6985
-6983
-6980
-6978
-6977
-6976
-6967
-6966
-6963
-6959
-6959
-6957
-6956
-6953
-6952
-6951
-6950
-6948
-6943
-6942
-6942
-6937
-6937
-6936
-6933
-6926
-6922
-6922
-6922
-6918
-6912
-6911
-6906
-6906
-6902
-6902
-6900
-6898
-6896
-6896
-6895
-6895
-6894
-6890
-6887
-6884
-6882
-6879
-6877
-6876
-6875
-6875
-6875
-6875
-6874
-6872
-6872
-6870
-6868
-6867
-6867
-6867
-6864
-6863
-6860
-6858
-6857
-6855
-6855
-6854
-6854
-6849
-6849
-6844
-6844
-6841
-6840
-6836
-6836
-6834
-6832
-6830
-6830
-6829
-6829
-6828
-6826
-6821
-6819
-6818
-6814
-6814
-6814
-6803
-6798
-6797
-6797
-6796
-6795
-6794
-6792
-6792
-6791
-6787
-6785
-6784
-6781
-6780
-6778
-6778
-6776
-6773
-6771
-6770
-6770
-6766
-6761
-6761
-6758
-6753
-6749
-6747
-6745
-6742
-6740
-6739
-6739
-6738
-6729
-6727
-6726
-6724
-6721
-6718
-6716
-6713
-6713
-6713
-6712
-6710
-6708
-6707
-6707
-6706
-6705
-6703
-6700
-6699
-6694
-6693
-6693
-6689
-6684
-6683
-6682
-6682
-6682
-6681
-6681
-6679
-6679
-6678
-6678
-6675
-6672
-6670
-6668
-6666
-6665
-6664
-6661
-6660
-6658
-6657
-6657
-6656
-6655
-6655
-6650
-6649
-6648
-6647
-6647
-6636
-6633
-6625
-6624
-6624
-6622
-6619
-6618
-6617
-6617
-6613
-6613
-6613
-6610
-6609
-6608
-6608
-6608
-6607
-6605
-6604
-6604
-6596
-6593
-6592
-6591
-6588
-6587
-6584
-6583
-6582
-6578
-6573
-6572
-6571
-6570
-6569
-6569
-6568
-6560
-6558
-6557
-6557
-6556
-6551
-6548
-6547
-6547
-6546
-6541
-6540
-6539
-6539
-6538
-6537
-6536
-6536
-6534
-6534
-6533
-6531
-6529
-6529
-6526
-6523
-6523
-6523
-6521
-6519
-6519
-6518
-6518
-6516
-6514
-6511
-6508
-6505
-6504
-6503
-6503
-6497
-6496
-6495
-6493
-6492
-6490
-6489
-6489
-6488
-6487
-6486
-6484
-6480
-6479
-6479
-6477
-6477
-6477
-6476
-6476
-6473
-6472
-6467
-6466
-6462
-6461
-6458
-6457
-6457
-6456
-6454
-6453
-6448
-6444
-6442
-6439
-6439
-6436
-6435
-6434
-6434
-6432
-6432
-6427
-6424
-6423
-6421
-6421
-6418
-6418
-6416
-6416
-6415
-6413
-6403
-6403
-6398
-6398
-6398
-6396
-6393
-6392
-6389
-6385
-6383
-6381
-6379
-6377
-6373
-6366
-6363
-6360
-6360
-6360
-6358
-6349
-6344
-6342
-6337
-6334
-6334
-6330
-6330
-6325
-6324
-6321
-6320
-6320
-6319
-6319
-6315
-6309
-6308
-6307
-6304
-6304
-6299
-6297
-6294
-6293
-6289
-6285
-6281
-6280
-6280
-6280
-6279
-6275
-6271
-6270
-6269
-6267
-6261
-6261
-6261
-6254
-6250
-6248
-6246
-6236
-6235
-6231
-6231
-6231
-6228
-6227
-6225
-6219
-6217
-6214
-6213
-6212
-6211
-6210
-6209
-6206
-6205
-6200
-6197
-6195
-6194
-6194
-6192
-6190
-6189
-6186
-6181
-6180
-6178
-6176
-6172
-6170
-6168
-6165
-6165
-6163
-6162
-6159
-6156
-6151
-6149
-6149
-6146
-6136
-6135
-6130
-6130
-6129
-6127
-6123
-6119
-6118
-6116
-6110
-6109
-6101
-6100
-6099
-6098
-6096
-6095
-6094
-6091
-6091
-6090
-6090
-6085
-6084
-6082
-6081
-6080
-6078
-6078
-6072
-6072
-6067
-6066
-6058
-6057
-6057
-6053
-6049
-6048
-6047
-6045
-6040
-6039
-6035
-6034
-6034
-6030
-6026
-6024
-6023
-6022
-6021
-6020
-6016
-6008
-6008
-6006
-6002
-6001
-5997
-5997
-5995
-5993
-5993
-5993
-5987
-5984
-5983
-5982
-5981
-5979
-5975
-5974
-5969
-5967
-5966
-5966
-5962
-5961
-5956
-5956
-5956
-5954
-5954
-5953
-5945
-5945
-5941
-5941
-5941
-5936
-5936
-5934
-5934
-5932
-5929
-5929
-5929
-5926
-5925
-5923
-5917
-5917
-5914
-5913
-5912
-5910
-5910
-5909
-5907
-5907
-5906
-5904
-5902
-5892
-5891
-5891
-5886
-5886
-5884
-5881
-5881
-5880
-5879
-5875
-5872
-5870
-5867
-5863
-5862
-5860
-5857
-5856
-5855
-5848
-5847
-5846
-5846
-5843
-5840
-5838
-5837
-5835
-5833
-5815
-5814
-5813
-5809
-5808
-5806
-5801
-5801
-5797
-5796
-5794
-5791
-5787
-5786
-5784
-5783
-5783
-5782
-5780
-5776
-5770
-5769
-5768
-5765
-5762
-5759
-5758
-5755
-5747
-5746
-5745
-5745
-5744
-5741
-5738
-5738
-5736
-5731
-5731
-5728
-5725
-5724
-5721
-5720
-5718
-5713
-5712
-5712
-5711
-5710
-5708
-5708
-5705
-5704
-5701
-5701
-5700
-5699
-5696
-5696
-5688
-5684
-5683
-5681
-5678
-5678
-5673
-5671
-5671
-5668
-5667
-5666
-5665
-5662
-5660
-5656
-5654
-5654
-5654
-5654
-5653
-5653
-5650
-5644
-5643
-5638
-5638
-5635
-5632
-5630
-5630
-5625
-5625
-5618
-5617
-5617
-5614
-5610
-5607
-5606
-5605
-5605
-5604
-5603
-5602
-5601
-5600
-5599
-5599
-5599
-5599
-5597
-5595
-5592
-5591
-5587
-5587
-5585
-5582
-5580
-5580
-5579
-5578
-5577
-5575
-5571
-5571
-5570
-5570
-5569
-5569
-5569
-5566
-5562
-5561
-5559
-5557
-5556
-5548
-5546
-5544
-5543
-5541
-5537
-5534
-5531
-5528
-5527
-5527
-5523
-5518
-5517
-5517
-5515
-5514
-5512
-5507
-5504
-5503
-5496
-5493
-5492
-5490
-5490
-5488
-5486
-5486
-5486
-5485
-5485
-5481
-5480
-5479
-5479
-5478
-5474
-5471
-5469
-5464
-5463
-5461
-5459
-5459
-5455
-5452
-5451
-5449
-5446
-5445
-5443
-5441
-5441
-5440
-5436
-5433
-5427
-5425
-5421
-5419
-5418
-5416
-5411
-5407
-5407
-5403
-5403
-5402
-5402
-5402
-5402
-5401
-5399
-5398
-5397
-5393
-5392
-5391
-5389
-5389
-5387
-5386
-5385
-5385
-5382
-5381
-5380
-5377
-5377
-5375
-5372
-5367
-5367
-5364
-5364
-5363
-5355
-5354
-5354
-5349
-5347
-5347
-5343
-5341
-5339
-5338
-5336
-5334
-5331
-5329
-5327
-5327
-5326
-5324
-5323
-5322
-5322
-5321
-5311
-5310
-5307
-5306
-5306
-5304
-5299
-5295
-5293
-5292
-5291
-5290
-5290
-5287
-5287
-5281
-5279
-5277
-5276
-5274
-5273
-5273
-5270
-5270
-5270
-5263
-5260
-5254
-5254
-5254
-5243
-5238
-5236
-5236
-5236
-5235
-5235
-5232
-5231
-5227
-5226
-5224
-5223
-5214
-5214
-5207
-5206
-5206
-5205
-5203
-5199
-5198
-5196
-5195
-5191
-5188
-5187
-5187
-5182
-5182
-5172
-5171
-5168
-5166
-5155
-5154
-5151
-5148
-5147
-5143
-5141
-5138
-5135
-5133
-5130
-5125
-5125
-5124
-5122
-5119
-5119
-5118
-5117
-5115
-5114
-5112
-5112
-5107
-5103
-5103
-5101
-5101
-5101
-5095
-5093
-5093
-5090
-5090
-5089
-5087
-5081
-5080
-5079
-5078
-5076
-5076
-5076
-5074
-5073
-5071
-5071
-5069
-5065
-5064
-5061
-5060
-5060
-5057
-5054
-5052
-5050
-5047
-5045
-5045
-5042
-5041
-5041
-5040
-5039
-5038
-5037
-5036
-5035
-5032
-5032
-5031
-5031
-5030
-5025
-5020
-5016
-5015
-5015
-5010
-5008
-5005
-5004
-4999
-4996
-4994
-4994
-4993
-4993
-4990
-4988
-4987
-4984
-4976
-4974
-4973
-4970
-4968
-4968
-4965
-4964
-4964
-4961
-4961
-4959
-4956
-4955
-4953
-4953
-4952
-4950
-4948
-4944
-4943
-4942
-4941
-4940
-4939
-4937
-4936
-4935
-4935
-4929
-4924
-4924
-4922
-4921
-4916
-4913
-4912
-4912
-4911
-4910
-4909
-4908
-4908
-4902
-4901
-4899
-4899
-4898
-4896
-4892
-4884
-4879
-4879
-4877
-4876
-4875
-4870
-4870
-4869
-4867
-4862
-4861
-4857
-4855
-4854
-4854
-4852
-4851
-4849
-4847
-4846
-4845
-4844
-4841
-4838
-4836
-4835
-4833
-4833
-4832
-4830
-4830
-4828
-4825
-4823
-4822
-4820
-4816
-4816
-4813
-4812
-4811
-4805
-4805
-4804
-4802
-4802
-4800
-4791
-4790
-4784
-4782
-4781
-4781
-4778
-4777
-4776
-4776
-4771
-4769
-4769
-4767
-4763
-4763
-4759
-4756
-4753
-4751
-4745
-4737
-4728
-4728
-4727
-4725
-4717
-4716
-4713
-4710
-4710
-4710
-4709
-4708
-4707
-4707
-4705
-4704
-4691
-4689
-4689
-4684
-4683
-4682
-4679
-4676
-4674
-4672
-4671
-4668
-4668
-4667
-4666
-4663
-4660
-4659
-4659
-4658
-4656
-4655
-4654
-4649
-4649
-4648
-4648
-4648
-4646
-4640
-4639
-4636
-4634
-4633
-4633
-4631
-4629
-4628
-4627
-4624
-4623
-4622
-4621
-4620
-4616
-4615
-4610
-4610
-4608
-4606
-4605
-4597
-4597
-4596
-4594
-4591
-4589
-4588
-4587
-4586
-4586
-4586
-4585
-4584
-4579
-4578
-4577
-4576
-4575
-4571
-4571
-4567
-4563
-4561
-4559
-4559
-4558
-4558
-4557
-4556
-4556
-4553
-4548
-4546
-4545
-4540
-4537
-4534
-4529
-4527
-4526
-4522
-4522
-4516
-4515
-4514
-4512
-4507
-4503
-4502
-4499
-4497
-4493
-4492
-4488
-4486
-4483
-4482
-4482
-4481
-4481
-4480
-4479
-4478
-4478
-4476
-4476
-4474
-4474
-4473
-4473
-4466
-4456
-4455
-4455
-4448
-4445
-4443
-4443
-4442
-4440
-4438
-4438
-4437
-4431
-4429
-4423
-4421
-4420
-4417
-4413
-4413
-4408
-4405
-4402
-4401
-4399
-4399
-4398
-4396
-4395
-4394
-4391
-4389
-4388
-4384
-4383
-4382
-4381
-4379
-4375
-4374
-4373
-4373
-4372
-4370
-4370
-4367
-4366
-4366
-4366
-4363
-4362
-4360
-4360
-4357
-4355
-4355
-4354
-4352
-4350
-4349
-4348
-4346
-4344
-4342
-4341
-4339
-4337
-4337
-4334
-4334
-4332
-4331
-4331
-4330
-4330
-4329
-4328
-4322
-4316
-4315
-4314
-4314
-4314
-4314
-4313
-4303
-4299
-4297
-4297
-4296
-4293
-4293
-4292
-4291
-4290
-4289
-4288
-4287
-4284
-4283
-4281
-4279
-4279
-4278
-4278
-4276
-4274
-4273
-4273
-4272
-4269
-4264
-4262
-4261
-4257
-4256
-4254
-4250
-4249
-4245
-4245
-4242
-4241
-4235
-4235
-4234
-4233
-4232
-4231
-4225
-4225
-4225
-4221
-4219
-4216
-4213
-4212
-4211
-4211
-4210
-4199
-4198
-4193
-4192
-4191
-4190
-4185
-4184
-4184
-4179
-4179
-4179
-4178
-4177
-4176
-4173
-4173
-4172
-4172
-4171
-4169
-4168
-4164
-4159
-4159
-4157
-4157
-4156
-4152
-4150
-4150
-4149
-4146
-4144
-4143
-4142
-4140
-4140
-4138
-4137
-4137
-4136
-4129
-4127
-4127
-4123
-4120
-4119
-4118
-4118
-4117
-4117
-4116
-4114
-4110
-4108
-4105
-4105
-4105
-4103
-4102
-4096
-4094
-4092
-4082
-4080
-4080
-4073
-4071
-4068
-4068
-4066
-4064
-4063
-4061
-4059
-4057
-4057
-4056
-4054
-4053
-4053
-4053
-4048
-4046
-4043
-4042
-4042
-4041
-4038
-4035
-4033
-4033
-4033
-4027
-4026
-4026
-4025
-4022
-4020
-4019
-4019
-4016
-4013
-4012
-4010
-4007
-4005
-4004
-3998
-3997
-3995
-3991
-3991
-3991
-3984
-3984
-3983
-3982
-3981
-3977
-3976
-3976
-3973
-3972
-3972
-3971
-3970
-3968
-3966
-3966
-3965
-3962
-3961
-3960
-3958
-3956
-3955
-3954
-3951
-3949
-3948
-3948
-3944
-3943
-3942
-3939
-3939
-3936
-3935
-3931
-3930
-3928
-3927
-3924
-3923
-3919
-3919
-3914
-3914
-3913
-3911
-3909
-3906
-3905
-3903
-3902
-3901
-3899
-3895
-3895
-3894
-3892
-3892
-3889
-3885
-3884
-3883
-3880
-3880
-3880
-3879
-3875
-3872
-3868
-3865
-3864
-3863
-3862
-3860
-3859
-3857
-3855
-3853
-3851
-3850
-3850
-3847
-3845
-3845
-3845
-3841
-3838
-3838
-3837
-3835
-3834
-3833
-3832
-3830
-3825
-3825
-3823
-3822
-3819
-3818
-3817
-3816
-3815
-3813
-3812
-3807
-3805
-3801
-3801
-3800
-3798
-3796
-3795
-3792
-3784
-3784
-3782
-3781
-3780
-3777
-3768
-3764
-3761
-3760
-3758
-3758
-3757
-3756
-3754
-3753
-3750
-3747
-3746
-3742
-3741
-3740
-3740
-3738
-3738
-3737
-3736
-3736
-3735
-3735
-3734
-3729
-3729
-3728
-3727
-3723
-3722
-3719
-3719
-3716
-3716
-3715
-3712
-3711
-3705
-3703
-3696
-3694
-3693
-3691
-3687
-3686
-3685
-3678
-3678
-3667
-3664
-3663
-3663
-3662
-3661
-3660
-3660
-3659
-3659
-3657
-3656
-3654
-3652
-3649
-3648
-3647
-3645
-3642
-3642
-3640
-3639
-3639
-3639
-3638
-3636
-3634
-3630
-3629
-3626
-3623
-3623
-3623
-3622
-3621
-3619
-3616
-3614
-3613
-3605
-3605
-3603
-3602
-3600
-3597
-3597
-3596
-3594
-3589
-3585
-3583
-3582
-3579
-3578
-3577
-3577
-3576
-3573
-3571
-3570
-3566
-3565
-3562
-3561
-3560
-3560
-3559
-3557
-3552
-3552
-3551
-3548
-3546
-3542
-3541
-3539
-3538
-3538
-3535
-3531
-3530
-3525
-3523
-3523
-3521
-3520
-3518
-3511
-3510
-3509
-3508
-3504
-3503
-3501
-3497
-3496
-3496
-3490
-3490
-3486
-3483
-3480
-3478
-3474
-3472
-3471
-3467
-3465
-3464
-3463
-3463
-3459
-3458
-3458
-3456
-3455
-3450
-3448
-3448
-3446
-3444
-3442
-3439
-3435
-3433
-3429
-3428
-3425
-3425
-3422
-3418
-3414
-3414
-3414
-3413
-3409
-3408
-3407
-3406
-3402
-3402
-3401
-3398
-3396
-3395
-3393
-3391
-3391
-3387
-3386
-3386
-3386
-3382
-3380
-3379
-3372
-3371
-3363
-3363
-3362
-3361
-3361
-3360
-3358
-3357
-3355
-3354
-3350
-3347
-3346
-3342
-3342
-3338
-3337
-3336
-3336
-3333
-3332
-3331
-3330
-3330
-3329
-3329
-3328
-3324
-3323
-3323
-3322
-3320
-3317
-3315
-3314
-3314
-3312
-3312
-3312
-3311
-3310
-3308
-3308
-3308
-3307
-3304
-3303
-3302
-3302
-3301
-3301
-3298
-3297
-3296
-3296
-3294
-3294
-3290
-3289
-3287
-3287
-3286
-3279
-3277
-3274
-3274
-3273
-3272
-3270
-3268
-3266
-3263
-3261
-3257
-3256
-3255
-3241
-3239
-3237
-3236
-3235
-3235
-3233
-3232
-3231
-3229
-3226
-3225
-3222
-3219
-3219
-3212
-3209
-3208
-3208
-3207
-3206
-3205
-3202
-3201
-3200
-3199
-3195
-3195
-3194
-3187
-3187
-3184
-3183
-3182
-3181
-3178
-3175
-3175
-3173
-3171
-3169
-3168
-3166
-3165
-3159
-3159
-3158
-3157
-3155
-3155
-3155
-3153
-3153
-3153
-3148
-3147
-3147
-3146
-3146
-3145
-3145
-3142
-3141
-3140
-3140
-3140
-3136
-3136
-3135
-3135
-3135
-3131
-3130
-3130
-3126
-3123
-3121
-3121
-3120
-3118
-3117
-3115
-3114
-3114
-3106
-3101
-3101
-3094
-3093
-3090
-3088
-3085
-3083
-3081
-3078
-3074
-3067
-3063
-3062
-3058
-3056
-3054
-3054
-3049
-3048
-3047
-3045
-3044
-3043
-3040
-3035
-3034
-3033
-3033
-3030
-3030
-3029
-3028
-3027
-3026
-3024
-3024
-3023
-3022
-3020
-3017
-3015
-3014
-3013
-3009
-3009
-3006
-3005
-3005
-3004
-2999
-2999
-2996
-2996
-2995
-2993
-2993
-2990
-2990
-2989
-2982
-2978
-2978
-2977
-2976
-2973
-2969
-2969
-2964
-2964
-2963
-2961
-2955
-2952
-2952
-2951
-2950
-2947
-2942
-2941
-2940
-2938
-2936
-2933
-2930
-2928
-2922
-2922
-2920
-2919
-2917
-2916
-2914
-2911
-2911
-2910
-2905
-2905
-2903
-2894
-2893
-2893
-2892
-2891
-2890
-2888
-2888
-2883
-2882
-2877
-2873
-2872
-2871
-2866
-2864
-2861
-2861
-2861
-2856
-2854
-2846
-2844
-2835
-2834
-2826
-2825
-2825
-2824
-2821
-2818
-2815
-2811
-2806
-2805
-2805
-2804
-2804
-2802
-2801
-2800
-2798
-2798
-2797
-2796
-2794
-2793
-2791
-2789
-2788
-2787
-2782
-2782
-2782
-2781
-2779
-2778
-2775
-2768
-2768
-2768
-2767
-2765
-2763
-2762
-2760
-2760
-2758
-2757
-2757
-2756
-2754
-2754
-2750
-2735
-2732
-2730
-2728
-2727
-2726
-2725
-2716
-2711
-2711
-2710
-2709
-2706
-2704
-2704
-2698
-2697
-2693
-2690
-2685
-2681
-2680
-2680
-2679
-2670
-2670
-2666
-2666
-2664
-2664
-2664
-2660
-2658
-2657
-2657
-2649
-2646
-2645
-2642
-2640
-2640
-2639
-2639
-2639
-2636
-2634
-2633
-2631
-2631
-2630
-2627
-2626
-2622
-2621
-2620
-2613
-2611
-2604
-2601
-2595
-2587
-2587
-2586
-2584
-2583
-2583
-2582
-2581
-2579
-2579
-2577
-2574
-2560
-2559
-2559
-2556
-2552
-2551
-2549
-2545
-2540
-2536
-2529
-2529
-2527
-2526
-2516
-2512
-2505
-2503
-2501
-2500
-2500
-2500
-2499
-2498
-2496
-2493
-2492
-2489
-2488
-2486
-2485
-2484
-2483
-2481
-2481
-2476
-2476
-2474
-2474
-2469
-2469
-2469
-2468
-2461
-2457
-2453
-2448
-2447
-2443
-2442
-2442
-2440
-2438
-2438
-2434
-2433
-2432
-2427
-2426
-2424
-2423
-2421
-2420
-2415
-2413
-2407
-2404
-2404
-2403
-2402
-2396
-2395
-2394
-2394
-2393
-2391
-2389
-2388
-2387
-2386
-2385
-2383
-2380
-2376
-2368
-2367
-2367
-2365
-2362
-2362
-2357
-2356
-2351
-2348
-2345
-2344
-2342
-2342
-2342
-2340
-2340
-2340
-2338
-2336
-2335
-2334
-2332
-2330
-2330
-2329
-2325
-2324
-2323
-2322
-2319
-2319
-2319
-2316
-2315
-2314
-2313
-2311
-2310
-2309
-2309
-2307
-2307
-2304
-2301
-2300
-2294
-2293
-2291
-2290
-2290
-2286
-2285
-2284
-2280
-2279
-2278
-2278
-2275
-2274
-2272
-2267
-2262
-2260
-2260
-2259
-2255
-2255
-2254
-2254
-2253
-2253
-2251
-2249
-2240
-2240
-2240
-2240
-2238
-2236
-2229
-2228
-2223
-2216
-2210
-2207
-2206
-2202
-2199
-2197
-2194
-2192
-2192
-2189
-2187
-2182
-2182
-2181
-2177
-2172
-2170
-2166
-2164
-2163
-2160
-2157
-2157
-2156
-2153
-2152
-2150
-2149
-2147
-2141
-2139
-2138
-2138
-2138
-2138
-2137
-2137
-2127
-2126
-2125
-2125
-2125
-2122
-2121
-2121
-2119
-2115
-2115
-2114
-2114
-2112
-2112
-2111
-2110
-2110
-2109
-2103
-2103
-2103
-2100
-2095
-2094
-2094
-2090
-2089
-2089
-2089
-2088
-2086
-2085
-2084
-2082
-2080
-2080
-2079
-2078
-2077
-2076
-2067
-2064
-2062
-2060
-2057
-2054
-2048
-2046
-2045
-2043
-2043
-2036
-2034
-2031
-2030
-2028
-2026
-2025
-2024
-2019
-2014
-2014
-2012
-2011
-2008
-2002
-1999
-1997
-1996
-1995
-1989
-1986
-1981
-1980
-1979
-1976
-1975
-1974
-1974
-1974
-1970
-1969
-1969
-1964
-1963
-1962
-1962
-1960
-1958
-1957
-1956
-1955
-1954
-1953
-1949
-1948
-1943
-1938
-1936
-1936
-1935
-1934
-1931
-1931
-1931
-1931
-1929
-1928
-1923
-1923
-1922
-1922
-1919
-1917
-1914
-1912
-1909
-1903
-1903
-1901
-1899
-1898
-1898
-1896
-1895
-1894
-1891
-1890
-1889
-1889
-1885
-1885
-1884
-1884
-1882
-1876
-1868
-1865
-1863
-1862
-1858
-1858
-1856
-1848
-1847
-1844
-1842
-1841
-1841
-1838
-1837
-1832
-1832
-1824
-1823
-1821
-1821
-1816
-1816
-1815
-1813
-1810
-1807
-1806
-1804
-1803
-1802
-1800
-1800
-1796
-1795
-1791
-1787
-1785
-1784
-1783
-1781
-1780
-1776
-1775
-1773
-1773
-1771
-1770
-1769
-1766
-1765
-1754
-1754
-1752
-1751
-1750
-1743
-1740
-1739
-1738
-1736
-1734
-1732
-1730
-1729
-1726
-1725
-1724
-1722
-1722
-1721
-1720
-1720
-1719
-1716
-1715
-1711
-1711
-1710
-1710
-1706
-1703
-1697
-1697
-1696
-1696
-1690
-1689
-1686
-1686
-1681
-1680
-1679
-1678
-1676
-1675
-1675
-1673
-1670
-1668
-1668
-1666
-1665
-1663
-1661
-1659
-1658
-1657
-1654
-1654
-1650
-1648
-1647
-1641
-1637
-1630
-1624
-1624
-1622
-1617
-1617
-1616
-1616
-1613
-1610
-1610
-1608
-1607
-1605
-1604
-1597
-1596
-1592
-1590
-1584
-1581
-1574
-1572
-1571
-1563
-1561
-1560
-1552
-1549
-1536
-1533
-1533
-1533
-1530
-1525
-1525
-1525
-1521
-1521
-1520
-1513
-1512
-1510
-1506
-1505
-1502
-1500
-1499
-1493
-1491
-1490
-1487
-1484
-1483
-1482
-1482
-1482
-1481
-1476
-1475
-1472
-1472
-1472
-1470
-1469
-1469
-1466
-1462
-1459
-1455
-1454
-1454
-1454
-1453
-1453
-1453
-1451
-1446
-1442
-1440
-1439
-1439
-1436
-1434
-1427
-1426
-1418
-1417
-1416
-1414
-1412
-1408
-1406
-1405
-1404
-1400
-1394
-1392
-1387
-1387
-1387
-1383
-1382
-1378
-1376
-1376
-1372
-1370
-1366
-1363
-1362
-1362
-1361
-1358
-1358
-1357
-1357
-1357
-1356
-1354
-1353
-1353
-1352
-1351
-1351
-1349
-1348
-1346
-1343
-1341
-1340
-1338
-1335
-1334
-1333
-1326
-1325
-1323
-1320
-1319
-1319
-1315
-1312
-1310
-1310
-1305
-1304
-1297
-1297
-1296
-1296
-1295
-1292
-1288
-1284
-1284
-1277
-1273
-1270
-1268
-1266
-1265
-1263
-1261
-1253
-1252
-1251
-1250
-1249
-1249
-1249
-1247
-1247
-1247
-1244
-1242
-1241
-1241
-1239
-1235
-1235
-1235
-1235
-1233
-1232
-1229
-1228
-1225
-1222
-1221
-1220
-1219
-1217
-1216
-1213
-1212
-1211
-1209
-1208
-1208
-1207
-1207
-1206
-1205
-1204
-1198
-1197
-1197
-1196
-1191
-1185
-1184
-1181
-1179
-1172
-1172
-1172
-1171
-1170
-1168
-1164
-1164
-1155
-1152
-1149
-1147
-1147
-1145
-1144
-1141
-1141
-1139
-1136
-1134
-1134
-1133
-1132
-1128
-1127
-1123
-1123
-1121
-1120
-1118
-1118
-1116
-1113
-1113
-1112
-1111
-1106
-1099
-1098
-1098
-1097
-1095
-1089
-1087
-1084
-1083
-1081
-1081
-1079
-1079
-1076
-1072
-1070
-1069
-1068
-1068
-1067
-1067
-1067
-1066
-1065
-1063
-1059
-1059
-1058
-1055
-1049
-1048
-1044
-1040
-1035
-1034
-1032
-1029
-1028
-1028
-1022
-1020
-1018
-1013
-1012
-1011
-1008
-1007
-1007
-1003
-999
-999
-998
-993
-990
-986
-984
-982
-979
-978
-977
-977
-976
-976
-976
-975
-973
-972
-971
-969
-962
-958
-952
-949
-947
-946
-942
-942
-940
-937
-937
-937
-936
-936
-936
-935
-934
-932
-931
-930
-927
-926
-920
-920
-914
-912
-911
-910
-909
-908
-907
-907
-904
-901
-899
-897
-894
-892
-892
-891
-891
-890
-887
-887
-886
-886
-883
-883
-877
-877
-877
-875
-872
-870
-867
-861
-859
-857
-857
-857
-855
-854
-852
-850
-846
-846
-841
-839
-839
-837
-835
-832
-828
-827
-826
-825
-825
-825
-822
-819
-817
-813
-810
-807
-806
-805
-803
-802
-801
-801
-799
-798
-794
-789
-789
-787
-787
-785
-778
-778
-775
-774
-774
-773
-772
-771
-771
-770
-770
-769
-766
-764
-763
-762
-761
-759
-759
-755
-754
-750
-746
-743
-742
-740
-736
-733
-732
-731
-730
-727
-726
-720
-717
-716
-715
-713
-712
-710
-704
-704
-703
-702
-700
-698
-698
-695
-693
-692
-689
-683
-679
-678
-678
-677
-676
-675
-673
-671
-671
-668
-664
-663
-661
-660
-655
-655
-654
-654
-654
-652
-651
-651
-649
-649
-648
-644
-636
-635
-631
-630
-624
-624
-620
-619
-619
-618
-612
-608
-607
-596
-595
-594
-592
-589
-587
-587
-586
-585
-572
-570
-569
-568
-567
-561
-558
-553
-553
-550
-544
-543
-542
-539
-539
-535
-534
-533
-533
-526
-524
-523
-522
-520
-519
-519
-518
-517
-516
-516
-511
-508
-507
-507
-506
-506
-497
-489
-487
-487
-484
-483
-481
-480
-479
-479
-479
-479
-478
-473
-473
-472
-468
-467
-463
-457
-455
-454
-454
-454
-453
-452
-449
-449
-443
-442
-441
-441
-440
-433
-432
-432
-430
-424
-423
-420
-420
-417
-415
-414
-414
-413
-412
-411
-406
-406
-405
-404
-403
-401
-399
-397
-396
-395
-393
-392
-388
-387
-384
-383
-382
-378
-374
-370
-369
-368
-367
-365
-361
-359
-359
-358
-358
-353
-352
-352
-350
-350
-346
-344
-343
-341
-338
-333
-332
-331
-330
-329
-329
-327
-327
-326
-325
-323
-312
-311
-307
-302
-302
-300
-299
-297
-295
-293
-291
-290
-289
-283
-283
-283
-281
-278
-277
-275
-273
-272
-270
-269
-269
-268
-267
-265
-264
-263
-262
-260
-260
-258
-257
-255
-253
-251
-250
-249
-247
-246
-241
-240
-235
-232
-231
-225
-225
-223
-223
-221
-218
-214
-212
-210
-210
-210
-208
-208
-208
-207
-207
-206
-205
-205
-204
-203
-201
-199
-196
-195
-195
-188
-187
-182
-180
-180
-179
-177
-176
-175
-174
-169
-168
-161
-157
-157
-154
-152
-152
-151
-150
-145
-144
-143
-143
-140
-132
-130
-129
-128
-124
-123
-123
-121
-121
-118
-114
-113
-112
-108
-107
-107
-99
-97
-96
-94
-93
-92
-91
-85
-81
-81
-81
-80
-79
-79
-78
-78
-76
-71
-71
-64
-64
-64
-57
-56
-55
-51
-43
-43
-43
-37
-37
-34
-33
-33
-30
-27
-22
-15
-14
-10
-10
-5
-4
-2
-2
-1
-1
0
1
1
5
8
11
13
14
16
17
18
21
23
24
30
33
36
37
37
38
42
46
48
50
51
52
59
60
62
63
68
68
69
72
80
82
84
88
89
92
92
93
95
96
97
99
99
101
104
105
107
109
111
113
114
125
129
133
136
136
138
140
142
142
143
148
150
151
152
155
156
158
164
166
167
169
171
171
176
176
177
177
184
186
187
202
207
207
208
211
212
214
221
222
222
223
227
228
231
233
239
239
240
240
243
248
248
251
257
257
257
258
259
259
260
262
263
264
265
268
270
271
274
282
284
284
287
287
288
290
294
297
299
299
301
301
302
303
304
304
307
311
313
313
314
316
317
319
321
322
323
323
324
327
328
330
334
335
340
341
347
348
352
353
354
354
356
357
363
366
366
369
370
372
372
375
377
379
381
383
386
387
389
389
393
396
397
397
398
399
400
400
401
402
404
404
404
409
409
410
411
417
417
418
420
423
423
425
427
428
429
430
431
432
437
441
442
442
445
446
447
449
449
452
453
455
456
457
459
462
464
464
465
466
467
470
471
475
479
480
480
482
484
484
485
485
485
486
489
491
494
494
494
496
496
498
498
501
507
512
515
517
520
520
521
521
523
526
528
529
530
530
532
532
532
533
535
535
537
537
538
540
542
543
544
545
553
556
562
563
566
569
571
574
578
578
590
591
595
598
598
598
599
601
610
611
616
617
618
619
621
622
623
625
630
632
632
632
632
634
635
641
642
643
644
645
647
649
649
650
652
653
654
657
659
660
661
663
665
667
667
667
673
673
674
674
677
681
682
684
686
686
687
696
697
699
700
704
706
707
711
713
717
721
722
725
729
731
731
732
734
735
738
740
741
744
748
751
752
753
753
754
754
755
756
757
761
762
764
764
764
767
768
771
771
771
772
774
788
788
791
792
794
795
797
802
804
804
806
807
808
819
822
823
830
830
835
838
840
842
845
846
850
853
855
859
859
861
863
863
863
865
868
869
875
879
883
884
888
889
891
893
896
897
898
900
902
907
910
913
916
916
919
922
923
923
924
925
925
927
928
928
932
936
938
939
940
942
942
945
947
947
948
950
952
954
955
957
961
961
969
972
974
979
983
985
985
985
990
993
997
998
998
999
1001
1002
1006
1008
1010
1014
1015
1022
1026
1026
1028
1029
1032
1033
1033
1034
1034
1034
1035
1037
1038
1042
1046
1047
1048
1050
1051
1054
1055
1055
1056
1058
1059
1062
1068
1068
1075
1076
1076
1076
1079
1079
1080
1081
1082
1082
1085
1086
1087
1087
1089
1094
1094
1097
1098
1104
1105
1105
1108
1110
1114
1114
1125
1125
1129
1129
1134
1138
1138
1140
1140
1141
1143
1144
1146
1146
1150
1150
1151
1152
1154
1154
1155
1156
1160
1163
1164
1166
1166
1166
1167
1170
1170
1171
1172
1173
1173
1173
1174
1179
1180
1181
1182
1185
1185
1186
1187
1187
1190
1191
1193
1197
1198
1198
1200
1201
1204
1204
1208
1214
1216
1217
1217
1217
1217
1220
1221
1222
1224
1226
1232
1232
1234
1236
1238
1238
1239
1247
1248
1253
1257
1257
1260
1261
1263
1264
1264
1265
1267
1271
1272
1276
1278
1278
1278
1281
1282
1284
1285
1288
1290
1290
1291
1293
1295
1298
1299
1299
1300
1302
1304
1305
1305
1314
1315
1317
1319
1323
1325
1332
1335
1335
1336
1338
1339
1339
1339
1341
1343
1345
1346
1347
1348
1349
1351
1353
1354
1356
1357
1358
1359
1362
1368
1368
1372
1373
1374
1375
1375
1377
1379
1381
1384
1386
1389
1389
1392
1396
1397
1399
1399
1401
1405
1407
1408
1412
1414
1415
1419
1421
1426
1427
1429
1430
1432
1433
1433
1434
1435
1435
1435
1437
1443
1451
1452
1455
1455
1458
1460
1462
1462
1464
1465
1466
1466
1471
1474
1474
1477
1479
1484
1484
1485
1488
1489
1492
1492
1492
1495
1498
1499
1504
1510
1518
1521
1524
1524
1530
1531
1532
1533
1534
1534
1535
1535
1535
1539
1541
1544
1544
1549
1550
1554
1556
1558
1560
1561
1563
1569
1572
1573
1574
1574
1576
1576
1577
1578
1579
1580
1584
1587
1587
1589
1590
1592
1592
1593
1594
1595
1596
1599
1599
1601
1603
1605
1607
1607
1607
1609
1613
1615
1616
1617
1620
1623
1624
1627
1628
1631
1631
1632
1633
1634
1635
1639
1642
1645
1646
1648
1649
1649
1651
1654
1659
1660
1660
1662
1665
1665
1666
1671
1673
1676
1680
1681
1681
1682
1682
1683
1686
1688
1689
1690
1690
1691
1691
1691
1692
1692
1697
1700
1702
1702
1703
1705
1711
1712
1717
1721
1723
1726
1726
1729
1730
1731
1735
1738
1740
1741
1744
1745
1746
1755
1758
1761
1762
1763
1765
1768
1773
1773
1774
1776
1777
1777
1782
1783
1785
1787
1788
1788
1789
1791
1793
1793
1795
1799
1800
1800
1807
1807
1808
1808
1809
1809
1809
1810
1810
1812
1813
1813
1815
1815
1816
1816
1817
1822
1823
1824
1825
1826
1830
1832
1833
1837
1842
1843
1851
1851
1854
1856
1858
1858
1862
1864
1864
1865
1865
1867
1868
1872
1873
1877
1878
1879
1881
1882
1882
1886
1886
1890
1893
1893
1894
1894
1894
1896
1897
1898
1901
1902
1902
1905
1907
1910
1913
1916
1919
1920
1921
1924
1924
1927
1930
1930
1935
1936
1938
1939
1939
1942
1946
1950
1956
1960
1961
1961
1964
1967
1970
1970
1971
1975
1976
1979
1982
1983
1986
1987
1988
1989
1991
1992
1993
1994
2000
2008
2010
2010
2015
2017
2022
2023
2023
2026
2026
2028
2029
2032
2033
2034
2035
2037
2041
2041
2044
2044
2046
2052
2052
2058
2062
2068
2072
2073
2077
2080
2084
2088
2093
2101
2101
2103
2105
2111
2112
2113
2113
2114
2115
2116
2117
2117
2119
2120
2128
2130
2131
2131
2132
2139
2139
2143
2143
2146
2148
2149
2151
2151
2152
2157
2159
2166
2167
2167
2168
2169
2170
2172
2176
2177
2178
2179
2181
2182
2182
2184
2184
2185
2186
2187
2188
2195
2195
2195
2201
2201
2201
2208
2214
2215
2216
2216
2219
2222
2225
2226
2227
2228
2231
2238
2238
2240
2241
2242
2243
2243
2248
2249
2253
2255
2260
2261
2262
2264
2264
2265
2268
2269
2272
2274
2276
2279
2281
2283
2285
2290
2291
2292
2296
2296
2296
2296
2297
2299
2301
2301
2301
2305
2305
2309
2310
2314
2315
2317
2317
2318
2318
2319
2320
2321
2323
2326
2338
2339
2341
2344
2346
2348
2351
2352
2352
2352
2353
2356
2357
2364
2364
2369
2370
2370
2373
2374
2376
2376
2379
2379
2381
2384
2386
2389
2392
2393
2396
2399
2401
2402
2403
2407
2415
2415
2417
2417
2419
2421
2421
2430
2434
2434
2437
2437
2437
2439
2439
2440
2440
2442
2443
2444
2444
2448
2449
2456
2460
2460
2462
2463
2464
2464
2466
2467
2470
2472
2472
2474
2474
2476
2476
2478
2480
2481
2481
2481
2481
2483
2487
2490
2492
2493
2496
2506
2510
2511
2512
2513
2513
2514
2519
2522
2522
2523
2525
2526
2526
2526
2528
2528
2532
2533
2534
2538
2540
2543
2544
2545
2545
2546
2549
2550
2552
2557
2558
2559
2560
2561
2562
2564
2564
2564
2570
2571
2572
2573
2577
2577
2578
2578
2578
2583
2583
2586
2587
2590
2590
2593
2595
2597
2605
2605
2606
2607
2607
2609
2610
2612
2613
2614
2616
2621
2621
2626
2629
2635
2640
2640
2644
2647
2649
2653
2659
2662
2665
2670
2671
2672
2675
2680
2683
2686
2687
2688
2689
2689
2689
2691
2691
2692
2695
2697
2699
2702
2704
2705
2707
2710
2710
2714
2714
2717
2719
2726
2732
2733
2733
2735
2735
2736
2737
2738
2739
2741
2742
2743
2744
2747
2751
2752
2753
2753
2755
2755
2756
2756
2756
2758
2758
2768
2770
2772
2773
2774
2775
2777
2780
2782
2784
2785
2786
2786
2789
2796
2797
2800
2800
2801
2802
2802
2802
2807
2808
2809
2811
2814
2815
2816
2820
2822
2824
2826
2828
2832
2833
2835
2841
2845
2847
2847
2851
2853
2854
2860
2863
2867
2868
2868
2868
2868
2883
2884
2885
2888
2888
2889
2889
2890
2891
2896
2899
2900
2903
2903
2908
2908
2909
2909
2910
2912
2912
2913
2914
2916
2917
2918
2921
2922
2922
2926
2928
2928
2931
2932
2932
2934
2935
2937
2941
2941
2942
2944
2945
2949
2949
2949
2951
2951
2951
2951
2954
2955
2960
2963
2963
2965
2965
2965
2968
2969
2969
2970
2971
2972
2972
2975
2976
2979
2981
2982
2985
2985
2991
2992
2992
2993
2994
2995
2996
2998
2998
3001
3001
3002
3005
3009
3010
3013
3014
3015
3016
3017
3019
3022
3022
3023
3029
3036
3037
3041
3048
3050
3052
3055
3057
3057
3059
3062
3062
3063
3066
3066
3066
3068
3069
3070
3070
3075
3076
3078
3081
3081
3082
3086
3095
3096
3098
3105
3107
3112
3116
3118
3118
3122
3128
3130
3131
3131
3132
3133
3133
3137
3138
3143
3144
3144
3145
3146
3147
3148
3150
3151
3151
3153
3156
3163
3167
3168
3169
3172
3173
3173
3175
3177
3182
3182
3183
3185
3188
3189
3191
3194
3197
3198
3198
3201
3202
3206
3210
3211
3213
3219
3223
3227
3231
3236
3238
3242
3245
3246
3247
3251
3251
3256
3258
3261
3262
3265
3265
3266
3268
3269
3269
3270
3272
3276
3276
3277
3285
3286
3287
3288
3289
3290
3295
3303
3304
3304
3307
3308
3310
3314
3315
3317
3319
3320
3321
3328
3328
3328
3331
3331
3334
3336
3338
3341
3346
3347
3351
3351
3354
3355
3358
3359
3360
3361
3364
3364
3364
3365
3366
3367
3368
3370
3373
3380
3381
3384
3392
3395
3397
3397
3398
3398
3399
3401
3402
3403
3406
3407
3411
3412
3415
3417
3418
3420
3423
3431
3432
3436
3437
3440
3441
3444
3444
3444
3446
3447
3448
3448
3449
3449
3450
3451
3452
3453
3456
3459
3463
3463
3466
3466
3468
3473
3474
3479
3479
3480
3480
3481
3483
3490
3492
3492
3493
3496
3496
3497
3497
3498
3499
3500
3501
3505
3506
3507
3509
3510
3513
3513
3514
3515
3518
3520
3526
3528
3529
3531
3532
3533
3535
3540
3540
3541
3542
3544
3547
3549
3553
3554
3556
3557
3562
3562
3563
3564
3565
3566
3566
3567
3567
3570
3574
3574
3578
3582
3582
3584
3586
3586
3589
3591
3592
3593
3596
3598
3598
3604
3604
3605
3607
3609
3613
3614
3621
3625
3633
3633
3636
3638
3638
3638
3639
3643
3651
3653
3654
3655
3655
3656
3660
3661
3662
3669
3672
3672
3676
3677
3679
3679
3680
3681
3684
3684
3684
3685
3686
3688
3688
3689
3694
3695
3695
3696
3696
3698
3698
3700
3701
3704
3704
3705
3706
3711
3714
3715
3716
3716
3716
3718
3718
3720
3721
3723
3732
3733
3734
3734
3736
3739
3740
3741
3743
3744
3746
3748
3748
3748
3748
3749
3751
3751
3755
3757
3759
3766
3768
3769
3771
3772
3773
3781
3784
3790
3791
3792
3795
3796
3797
3798
3802
3802
3808
3810
3812
3814
3815
3816
3819
3819
3821
3828
3831
3835
3840
3842
3842
3845
3847
3849
3850
3851
3855
3860
3861
3866
3868
3872
3872
3873
3874
3880
3882
3885
3891
3891
3892
3898
3899
3900
3901
3911
3915
3920
3923
3926
3930
3931
3932
3933
3935
3937
3937
3939
3939
3943
3947
3951
3953
3955
3957
3958
3960
3962
3963
3963
3967
3968
3969
3970
3972
3974
3977
3977
3980
3982
3985
3987
3989
3990
3992
3995
3996
3996
3996
3997
3999
3999
4006
4007
4008
4013
4013
4018
4022
4035
4039
4041
4049
4053
4053
4053
4054
4054
4062
4063
4063
4064
4064
4069
4072
4074
4074
4074
4074
4077
4079
4079
4079
4082
4083
4085
4085
4088
4095
4099
4102
4104
4106
4107
4111
4113
4114
4115
4120
4121
4122
4128
4128
4131
4131
4131
4132
4132
4133
4135
4135
4135
4138
4140
4141
4141
4145
4146
4147
4149
4152
4152
4158
4160
4164
4165
4169
4169
4170
4172
4173
4174
4176
4176
4179
4180
4188
4192
4193
4194
4203
4210
4214
4216
4221
4222
4225
4226
4227
4228
4229
4233
4235
4238
4242
4245
4245
4246
4247
4249
4251
4255
4264
4264
4267
4273
4273
4279
4281
4282
4283
4284
4285
4285
4287
4289
4291
4292
4296
4296
4299
4301
4301
4305
4306
4307
4309
4310
4313
4318
4319
4322
4323
4324
4324
4325
4325
4329
4329
4331
4334
4335
4341
4342
4342
4344
4344
4345
4345
4346
4347
4350
4350
4350
4352
4356
4358
4358
4359
4362
4366
4367
4372
4373
4374
4377
4378
4378
4378
4379
4379
4380
4382
4386
4388
4389
4395
4404
4405
4409
4412
4419
4419
4420
4420
4421
4423
4427
4428
4431
4433
4436
4437
4439
4439
4439
4439
4442
4445
4448
4449
4453
4455
4461
4465
4471
4475
4475
4477
4478
4480
4484
4484
4484
4485
4486
4487
4491
4491
4491
4496
4498
4501
4501
4507
4508
4511
4513
4515
4516
4520
4523
4523
4524
4524
4526
4526
4529
4531
4531
4532
4537
4538
4538
4542
4542
4544
4545
4546
4549
4551
4552
4554
4556
4557
4558
4563
4564
4565
4566
4568
4568
4572
4573
4573
4574
4578
4580
4586
4587
4588
4590
4591
4594
4596
4600
4609
4614
4615
4619
4620
4620
4621
4624
4634
4638
4639
4639
4639
4643
4643
4643
4648
4651
4652
4653
4655
4657
4664
4666
4667
4667
4667
4669
4671
4673
4675
4680
4680
4680
4688
4691
4691
4694
4694
4696
4697
4699
4701
4702
4703
4703
4706
4706
4711
4713
4715
4716
4718
4720
4722
4723
4724
4728
4728
4729
4733
4735
4738
4738
4742
4746
4746
4748
4751
4752
4752
4755
4755
4758
4758
4759
4761
4762
4763
4767
4771
4775
4777
4779
4790
4791
4792
4792
4796
4796
4796
4799
4800
4801
4801
4804
4808
4809
4809
4813
4815
4815
4817
4822
4823
4824
4825
4825
4827
4834
4836
4841
4842
4843
4843
4849
4851
4853
4856
4858
4858
4862
4863
4863
4869
4872
4874
4875
4876
4876
4876
4881
4883
4884
4884
4884
4888
4888
4888
4889
4889
4892
4894
4895
4895
4895
4897
4899
4900
4902
4903
4904
4904
4906
4909
4917
4918
4919
4922
4922
4922
4923
4924
4926
4927
4927
4927
4928
4933
4933
4935
4938
4943
4945
4945
4946
4953
4956
4956
4959
4963
4968
4971
4972
4974
4976
4977
4979
4985
4985
4989
4989
4989
4993
4994
4995
4996
5001
5001
5005
5006
5007
5007
5007
5008
5014
5016
5018
5019
5019
5021
5026
5029
5029
5031
5031
5031
5033
5036
5037
5038
5038
5042
5043
5045
5048
5050
5051
5057
5059
5060
5063
5065
5068
5068
5071
5076
5078
5086
5093
5094
5095
5096
5099
5101
5101
5103
5106
5108
5110
5112
5112
5114
5114
5119
5119
5122
5123
5126
5127
5137
5142
5145
5145
5146
5146
5150
5151
5152
5153
5159
5166
5168
5170
5173
5176
5179
5179
5180
5184
5185
5187
5187
5192
5194
5195
5196
5199
5201
5203
5203
5205
5205
5206
5206
5210
5211
5212
5215
5216
5216
5217
5217
5221
5224
5228
5232
5233
5236
5239
5241
5244
5246
5249
5254
5258
5258
5259
5260
5261
5263
5268
5271
5274
5276
5276
5283
5288
5298
5299
5299
5301
5301
5306
5312
5313
5314
5314
5318
5319
5323
5327
5328
5328
5329
5329
5333
5334
5334
5337
5338
5341
5341
5342
5349
5350
5351
5353
5356
5358
5359
5360
5361
5364
5365
5368
5369
5373
5375
5376
5377
5382
5383
5383
5385
5386
5387
5388
5390
5392
5392
5392
5393
5393
5395
5397
5399
5400
5402
5404
5408
5412
5412
5413
5414
5414
5415
5416
5421
5425
5427
5427
5428
5428
5428
5431
5432
5432
5435
5438
5439
5442
5443
5446
5448
5450
5453
5454
5456
5458
5459
5460
5461
5463
5466
5466
5466
5469
5470
5472
5475
5477
5486
5487
5488
5488
5489
5490
5493
5497
5501
5501
5507
5509
5512
5513
5514
5516
5518
5518
5520
5521
5522
5525
5527
5528
5530
5532
5535
5539
5542
5543
5546
5546
5548
5548
5549
5550
5551
5552
5553
5555
5556
5557
5558
5558
5558
5563
5564
5565
5568
5570
5575
5576
5583
5584
5587
5590
5593
5603
5604
5605
5605
5605
5605
5606
5608
5610
5612
5612
5618
5619
5620
5620
5625
5627
5628
5633
5634
5635
5638
5640
5646
5651
5652
5653
5653
5655
5655
5661
5662
5664
5666
5668
5669
5671
5672
5676
5676
5676
5677
5678
5679
5680
5681
5682
5683
5683
5683
5686
5690
5690
5691
5699
5705
5707
5709
5715
5719
5720
5720
5720
5721
5722
5724
5725
5727
5727
5729
5731
5736
5736
5737
5737
5740
5740
5741
5743
5744
5744
5745
5746
5747
5749
5753
5755
5755
5759
5760
5762
5763
5765
5766
5766
5772
5777
5780
5785
5785
5785
5786
5789
5797
5798
5798
5801
5803
5806
5807
5809
5810
5818
5819
5819
5820
5822
5822
5825
5827
5829
5830
5831
5832
5835
5836
5840
5841
5843
5844
5844
5844
5846
5847
5852
5854
5858
5860
5864
5866
5868
5870
5873
5875
5876
5878
5878
5882
5885
5887
5892
5895
5896
5896
5898
5901
5903
5905
5910
5911
5921
5925
5925
5930
5936
5936
5941
5945
5946
5947
5956
5963
5963
5964
5966
5969
5970
5972
5974
5974
5974
5978
5978
5979
5979
5986
5989
5990
5992
5993
5994
5998
5999
6001
6003
6005
6008
6009
6009
6010
6011
6014
6015
6016
6020
6021
6021
6022
6025
6027
6028
6032
6038
6042
6046
6046
6051
6052
6053
6054
6055
6063
6065
6065
6067
6069
6069
6072
6074
6074
6078
6078
6080
6084
6086
6088
6090
6091
6092
6092
6093
6093
6094
6100
6103
6107
6108
6110
6111
6112
6116
6116
6116
6120
6123
6123
6127
6129
6134
6135
6140
6142
6143
6145
6148
6153
6155
6157
6159
6163
6164
6167
6168
6170
6173
6175
6179
6180
6181
6182
6182
6183
6187
6187
6188
6189
6190
6195
6195
6196
6196
6198
6206
6210
6214
6216
6216
6219
6224
6225
6231
6232
6232
6234
6240
6242
6244
6245
6251
6254
6257
6258
6259
6260
6264
6268
6270
6274
6275
6277
6278
6282
6282
6283
6287
6289
6289
6290
6296
6296
6297
6297
6298
6298
6300
6300
6304
6304
6304
6305
6306
6308
6311
6314
6315
6317
6318
6320
6320
6331
6332
6333
6333
6333
6334
6341
6343
6348
6349
6351
6355
6355
6357
6357
6361
6363
6366
6375
6375
6375
6380
6382
6387
6388
6389
6393
6394
6394
6396
6402
6403
6406
6407
6407
6407
6408
6409
6411
6417
6419
6423
6427
6428
6429
6436
6437
6439
6442
6442
6443
6446
6448
6449
6454
6458
6458
6459
6461
6467
6467
6471
6472
6473
6474
6477
6477
6481
6482
6483
6485
6486
6488
6489
6497
6500
6502
6504
6504
6509
6512
6518
6521
6522
6522
6522
6528
6529
6529
6531
6535
6536
6536
6538
6539
6541
6543
6545
6546
6546
6548
6551
6553
6553
6553
6554
6561
6563
6563
6564
6565
6567
6569
6571
6573
6575
6579
6580
6581
6581
6581
6582
6584
6586
6591
6592
6592
6595
6595
6595
6596
6596
6599
6601
6603
6603
6604
6606
6606
6607
6616
6618
6621
6622
6626
6627
6627
6627
6630
6631
6634
6635
6635
6636
6638
6642
6645
6645
6649
6651
6651
6652
6654
6662
6662
6664
6665
6665
6667
6675
6678
6683
6685
6686
6692
6692
6697
6699
6701
6704
6706
6707
6707
6708
6711
6714
6714
6714
6717
6718
6722
6724
6726
6732
6733
6733
6737
6739
6741
6742
6746
6746
6749
6749
6753
6753
6755
6757
6757
6759
6760
6761
6762
6762
6763
6763
6767
6768
6774
6781
6782
6783
6784
6784
6787
6787
6788
6793
6797
6798
6804
6805
6808
6809
6809
6812
6812
6816
6816
6818
6820
6821
6825
6827
6828
6833
6836
6841
6844
6845
6847
6852
6852
6857
6857
6864
6865
6866
6867
6867
6868
6876
6878
6879
6883
6884
6886
6887
6888
6890
6890
6894
6897
6900
6903
6903
6904
6905
6906
6907
6909
6911
6913
6917
6920
6921
6923
6923
6925
6928
6932
6933
6933
6933
6933
6934
6936
6940
6941
6941
6943
6947
6947
6947
6947
6950
6951
6953
6954
6954
6955
6955
6957
6959
6960
6961
6962
6963
6963
6970
6972
6975
6975
6977
6979
6979
6981
6983
6986
6988
6989
6994
6994
6997
6997
6999
7002
7003
7008
7009
7012
7012
7012
7013
7014
7016
7016
7019
7020
7020
7020
7022
7024
7027
7028
7029
7030
7031
7034
7036
7041
7041
7041
7042
7042
7044
7047
7048
7049
7052
7053
7053
7055
7057
7058
7058
7064
7064
7067
7069
7074
7076
7076
7077
7077
7080
7081
7091
7091
7091
7092
7093
7094
7095
7099
7099
7100
7101
7102
7103
7104
7105
7109
7110
7115
7117
7119
7120
7121
7123
7125
7126
7130
7132
7133
7134
7134
7137
7143
7143
7144
7147
7150
7151
7152
7160
7160
7162
7174
7174
7174
7176
7178
7178
7180
7183
7183
7185
7185
7186
7187
7188
7189
7190
7190
7194
7194
7194
7196
7205
7205
7206
7212
7216
7216
7217
7218
7222
7226
7226
7230
7236
7239
7239
7240
7241
7242
7243
7243
7247
7247
7249
7251
7254
7256
7259
7261
7264
7267
7273
7275
7277
7278
7281
7281
7284
7286
7287
7289
7289
7289
7292
7292
7294
7297
7298
7301
7302
7302
7304
7305
7307
7308
7308
7309
7311
7311
7313
7314
7314
7318
7319
7320
7327
7328
7332
7332
7333
7334
7334
7339
7340
7343
7343
7344
7347
7348
7350
7352
7356
7357
7357
7359
7360
7363
7364
7366
7368
7370
7370
7370
7376
7379
7379
7382
7383
7385
7389
7391
7394
7401
7404
7411
7419
7420
7423
7423
7424
7424
7425
7433
7437
7438
7439
7439
7441
7442
7446
7457
7458
7458
7459
7461
7462
7465
7465
7465
7465
7466
7469
7469
7472
7472
7480
7482
7483
7484
7485
7486
7487
7495
7496
7506
7507
7510
7512
7514
7519
7522
7522
7529
7531
7532
7535
7536
7537
7537
7540
7540
7542
7546
7547
7548
7550
7551
7553
7558
7560
7562
7566
7569
7573
7573
7575
7576
7581
7581
7583
7585
7589
7598
7600
7601
7601
7602
7612
7614
7614
7615
7615
7619
7622
7622
7622
7625
7629
7630
7631
7632
7633
7638
7639
7641
7644
7645
7645
7648
7651
7652
7655
7659
7660
7661
7664
7666
7668
7670
7678
7683
7687
7689
7691
7691
7698
7701
7701
7710
7712
7715
7717
7721
7722
7723
7725
7727
7727
7729
7735
7735
7737
7738
7738
7740
7740
7742
7743
7744
7745
7746
7752
7754
7755
7756
7758
7759
7760
7760
7762
7767
7769
7775
7775
7775
7775
7776
7776
7779
7783
7786
7786
7786
7787
7788
7790
7791
7791
7794
7795
7797
7799
7802
7803
7805
7809
7815
7819
7823
7823
7824
7826
7826
7831
7831
7832
7833
7835
7835
7837
7840
7841
7842
7843
7844
7847
7847
7849
7850
7853
7855
7857
7857
7861
7863
7866
7867
7868
7879
7879
7888
7888
7891
7893
7895
7896
7897
7901
7903
7905
7907
7908
7909
7917
7917
7918
7920
7921
7921
7921
7926
7930
7933
7934
7937
7940
7940
7941
7941
7943
7946
7949
7951
7951
7952
7953
7955
7958
7958
7958
7959
7962
7970
7970
7973
7975
7977
7978
7981
7982
7982
7984
7985
7989
7989
7991
7992
7992
7994
7995
8000
8001
8002
8004
8005
8006
8011
8016
8018
8018
8024
8026
8028
8030
8031
8034
8040
8040
8045
8045
8047
8047
8055
8059
8062
8063
8068
8068
8069
8069
8072
8073
8074
8084
8084
8084
8084
8087
8091
8094
8094
8096
8096
8097
8099
8100
8101
8102
8107
8109
8110
8111
8119
8121
8122
8122
8123
8123
8123
8124
8124
8131
8131
8132
8136
8140
8140
8140
8141
8145
8146
8147
8148
8149
8155
8158
8162
8163
8167
8170
8174
8175
8175
8178
8178
8180
8185
8187
8187
8190
8191
8191
8193
8193
8194
8194
8195
8195
8203
8205
8206
8206
8210
8215
8217
8218
8219
8220
8221
8223
8233
8243
8245
8246
8247
8248
8248
8250
8254
8258
8259
8261
8263
8266
8267
8273
8276
8281
8281
8282
8282
8284
8284
8286
8288
8290
8290
8291
8294
8299
8300
8302
8304
8305
8305
8316
8320
8324
8325
8326
8326
8327
8328
8330
8331
8333
8335
8337
8339
8341
8342
8343
8344
8347
8348
8348
8348
8354
8355
8357
8360
8364
8366
8367
8370
8372
8379
8380
8381
8381
8382
8384
8389
8390
8392
8394
8398
8399
8402
8402
8403
8408
8409
8409
8410
8413
8419
8423
8428
8428
8428
8431
8432
8437
8437
8448
8450
8452
8452
8454
8455
8458
8460
8461
8462
8464
8467
8468
8468
8471
8474
8474
8475
8476
8478
8480
8481
8482
8482
8482
8491
8501
8501
8502
8503
8505
8505
8507
8507
8508
8508
8508
8509
8510
8511
8511
8517
8518
8518
8522
8522
8524
8526
8528
8528
8531
8532
8532
8533
8535
8535
8537
8537
8545
8545
8548
8548
8553
8554
8554
8555
8556
8557
8558
8560
8562
8562
8565
8572
8572
8574
8577
8578
8581
8590
8598
8602
8613
8614
8615
8617
8617
8618
8618
8618
8621
8621
8623
8623
8624
8626
8627
8627
8629
8630
8630
8631
8631
8631
8633
8637
8638
8640
8645
8647
8650
8655
8656
8657
8658
8663
8664
8665
8666
8667
8667
8669
8677
8678
8682
8684
8685
8687
8690
8690
8690
8697
8700
8703
8706
8707
8715
8716
8717
8719
8720
8724
8724
8727
8727
8732
8732
8735
8737
8738
8741
8743
8752
8753
8755
8755
8757
8758
8758
8759
8760
8761
8763
8765
8768
8769
8770
8774
8778
8780
8781
8782
8783
8783
8786
8789
8792
8792
8793
8795
8796
8798
8799
8801
8806
8806
8807
8815
8817
8818
8820
8821
8822
8822
8824
8824
8825
8826
8827
8827
8831
8834
8835
8836
8843
8844
8844
8845
8846
8847
8848
8854
8855
8857
8858
8861
8862
8862
8865
8866
8866
8867
8867
8868
8868
8870
8870
8872
8873
8875
8876
8877
8877
8878
8878
8887
8887
8894
8897
8897
8907
8909
8910
8913
8913
8913
8913
8914
8916
8916
8917
8918
8922
8928
8929
8929
8930
8930
8931
8932
8932
8933
8934
8934
8935
8937
8937
8939
8940
8940
8944
8957
8958
8960
8965
8965
8965
8966
8968
8975
8975
8979
8979
8981
8986
8987
8992
8993
8995
8997
8997
9002
9005
9006
9008
9015
9016
9016
9016
9018
9018
9018
9019
9019
9020
9020
9026
9029
9030
9033
9035
9037
9041
9042
9045
9046
9047
9048
9050
9053
9054
9054
9059
9062
9063
9066
9068
9070
9074
9085
9086
9087
9088
9089
9095
9096
9100
9103
9119
9119
9122
9123
9125
9126
9130
9132
9133
9136
9138
9141
9146
9147
9148
9149
9153
9155
9159
9160
9161
9166
9170
9171
9172
9173
9173
9175
9176
9176
9180
9181
9181
9182
9182
9182
9191
9192
9195
9196
9212
9212
9214
9215
9218
9221
9224
9229
9231
9232
9232
9236
9237
9238
9242
9243
9243
9244
9247
9247
9251
9251
9251
9252
9253
9256
9257
9258
9260
9262
9266
9271
9271
9273
9276
9276
9280
9280
9281
9285
9286
9289
9293
9297
9298
9308
9310
9314
9315
9317
9318
9320
9321
9325
9326
9328
9330
9332
9333
9333
9338
9343
9346
9349
9350
9352
9354
9355
9358
9358
9358
9363
9364
9365
9368
9371
9372
9379
9381
9381
9382
9385
9387
9387
9392
9394
9395
9397
9399
9399
9400
9401
9407
9409
9412
9413
9413
9414
9415
9416
9418
9421
9422
9425
9430
9436
9436
9436
9437
9438
9441
9442
9444
9444
9445
9445
9445
9447
9447
9447
9448
9450
9456
9456
9457
9457
9461
9463
9471
9475
9478
9478
9481
9484
9488
9489
9490
9495
9497
9498
9499
9500
9501
9501
9504
9505
9506
9508
9508
9510
9514
9515
9516
9517
9518
9519
9526
9527
9529
9530
9531
9534
9536
9536
9539
9539
9545
9545
9546
9557
9557
9561
9563
9564
9565
9567
9567
9571
9576
9580
9580
9581
9582
9583
9587
9589
9590
9591
9593
9594
9595
9599
9605
9606
9607
9608
9608
9615
9617
9622
9623
9624
9630
9632
9633
9640
9640
9641
9648
9652
9652
9658
9661
9661
9667
9669
9669
9670
9672
9675
9676
9677
9684
9686
9688
9688
9690
9690
9695
9697
9699
9700
9700
9700
9701
9702
9702
9703
9704
9711
9712
9714
9719
9725
9730
9730
9733
9733
9739
9739
9739
9740
9740
9744
9744
9746
9747
9751
9752
9757
9760
9764
9767
9768
9769
9771
9773
9773
9773
9777
9779
9780
9780
9780
9781
9782
9783
9783
9784
9786
9790
9790
9791
9795
9796
9804
9805
9806
9809
9809
9809
9812
9812
9815
9816
9817
9822
9823
9826
9829
9835
9838
9841
9844
9845
9845
9847
9848
9850
9851
9852
9856
9856
9857
9858
9859
9862
9863
9863
9863
9863
9864
9865
9866
9870
9871
9871
9875
9875
9876
9879
9879
9881
9881
9884
9884
9888
9889
9890
9890
9891
9893
9897
9898
9899
9904
9905
9906
9906
9906
9906
9906
9910
9913
9915
9916
9917
9919
9920
9921
9929
9930
9931
9932
9938
9938
9942
9944
9948
9948
9949
9950
9952
9954
9954
9956
9957
9958
9960
9963
9964
9965
9969
9971
9971
9974
9977
9977
9979
9979
9980
9981
9982
9985
9989
9989
9990
9993
9993
9994
9994
10000
