-9989
-9983
-9976
-9971
-9967
-9955
-9955
-9949
-9948
-9946
-9946
-9939
-9938
-9933
-9931
-9923
-9921
-9913
-9910
-9904
-9903
-9898
-9895
-9894
-9888
-9872
-9870
-9869
-9864
-9859
-9854
-9854
-9851
-9848
-9842
-9839
-9838
-9834
-9825
-9825
-9818
-9809
-9808
-9806
-9802
-9799
-9792
-9780
-9776
-9771
-9765
-9749
-9748
-9744
-9733
-9730
-9724
-9723
-9723
-9722
-9721
-9718
-9706
-9704
-9703
-9699
-9695
-9677
-9675
-9670
-9665
-9655
-9652
-9651
-9650
-9649
-9626
-9625
-9619
-9617
-9614
-9596
-9595
-9592
-9592
-9586
-9581
-9575
-9572
-9558
-9552
-9547
-9534
-9534
-9522
-9517
-9509
-9508
-9506
-9499
-9498
-9491
-9485
-9480
-9478
-9474
-9470
-9469
-9458
-9451
-9450
-9449
-9437
-9435
-9429
-9429
-9426
-9425
-9423
-9418
-9400
-9395
-9394
-9389
-9385
-9376
-9369
-9365
-9362
-9362
-9362
-9361
-9359
-9352
-9349
-9346
-9335
-9332
-9321
-9320
-9313
-9312
-9312
-9300
-9293
-9292
-9287
-9284
-9282
-9277
-9275
-9267
-9266
-9261
-9259
-9255
-9254
-9247
-9247
-9246
-9241
-9240
-9240
-9235
-9233
-9232
-9232
-9223
-9222
-9218
-9214
-9213
-9202
-9191
-9190
-9185
-9171
-9171
-9168
-9163
-9158
-9154
-9148
-9148
-9145
-9145
-9144
-9142
-9141
-9136
-9129
-9124
-9113
-9098
-9098
-9095
-9093
-9091
-9089
-9086
-9085
-9082
-9082
-9079
-9079
-9077
-9075
-9074
-9073
-9067
-9059
-9056
-9050
-9043
-9037
-9034
-9033
-9031
-9028
-9017
-9001
-9001
-8995
-8993
-8992
-8990
-8987
-8984
-8984
-8983
-8979
-8979
-8979
-8974
-8969
-8967
-8967
-8966
-8964
-8964
-8959
-8957
-8950
-8946
-8945
-8945
-8941
-8933
-8932
-8930
-8930
-8929
-8924
-8919
-8919
-8914
-8912
-8911
-8903
-8895
-8891
-8888
-8887
-8883
-8876
-8876
-8871
-8870
-8866
-8861
-8861
-8859
-8858
-8856
-8847
-8847
-8847
-8845
-8838
-8837
-8835
-8832
-8830
-8829
-8818
-8811
-8809
-8806
-8795
-8792
-8791
-8790
-8785
-8784
-8784
-8778
-8768
-8766
-8763
-8759
-8759
-8756
-8753
-8743
-8742
-8737
-8737
-8728
-8727
-8726
-8724
-8716
-8714
-8714
-8713
-8702
-8700
-8697
-8696
-8692
-8687
-8685
-8684
-8684
-8676
-8675
-8670
-8661
-8657
-8651
-8651
-8650
-8650
-8649
-8647
-8643
-8642
-8638
-8633
-8627
-8622
-8618
-8610
-8606
-8604
-8600
-8597
-8597
-8597
-8592
-8591
-8589
-8572
-8569
-8566
-8565
-8563
-8554
-8552
-8552
-8551
-8542
-8541
-8540
-8539
-8536
-8524
-8524
-8522
-8522
-8521
-8519
-8515
-8507
-8507
-8504
-8494
-8492
-8491
-8490
-8489
-8486
-8484
-8483
-8480
-8479
-8474
-8472
-8467
-8460
-8458
-8457
-8446
-8439
-8434
-8433
-8426
-8422
-8411
-8411
-8406
-8403
-8397
-8390
-8388
-8385
-8384
-8383
-8380
-8376
-8366
-8352
-8352
-8351
-8346
-8344
-8341
-8341
-8331
-8330
-8328
-8320
-8311
-8307
-8305
-8300
-8291
-8285
-8284
-8280
-8276
-8274
-8272
-8271
-8261
-8260
-8251
-8245
-8245
-8241
-8230
-8230
-8229
-8227
-8224
-8219
-8217
-8215
-8215
-8202
-8196
-8195
-8187
-8182
-8180
-8178
-8178
-8174
-8162
-8162
-8160
-8158
-8155
-8153
-8152
-8147
-8137
-8134
-8125
-8119
-8119
-8117
-8109
-8109
-8109
-8102
-8100
-8098
-8097
-8094
-8087
-8087
-8085
-8076
-8068
-8061
-8060
-8059
-8059
-8035
-8034
-8030
-8027
-8017
-8014
-8011
-8010
-8007
-8006
-8002
-8000
-8000
-7995
-7994
-7992
-7988
-7975
-7973
-7968
-7963
-7955
-7952
-7945
-7945
-7939
-7933
-7928
-7927
-7924
-7923
-7920
-7919
-7915
-7915
-7915
-7914
-7912
-7906
-7904
-7895
-7891
-7871
-7870
-7865
-7857
-7857
-7854
-7853
-7852
-7849
-7846
-7843
-7824
-7816
-7814
-7813
-7808
-7802
-7799
-7799
-7794
-7791
-7783
-7782
-7782
-7780
-7776
-7772
-7767
-7767
-7762
-7761
-7761
-7758
-7756
-7756
-7754
-7742
-7741
-7735
-7729
-7720
-7719
-7714
-7711
-7709
-7709
-7709
-7708
-7707
-7700
-7696
-7692
-7689
-7685
-7682
-7678
-7669
-7667
-7665
-7665
-7658
-7652
-7649
-7639
-7637
-7628
-7622
-7621
-7620
-7616
-7614
-7609
-7607
-7604
-7600
-7591
-7583
-7575
-7574
-7564
-7559
-7554
-7552
-7548
-7547
-7546
-7544
-7543
-7537
-7522
-7519
-7516
-7505
-7504
-7499
-7494
-7493
-7488
-7485
-7484
-7476
-7472
-7470
-7463
-7457
-7457
-7455
-7454
-7452
-7447
-7447
-7447
-7443
-7437
-7434
-7433
-7432
-7429
-7421
-7418
-7415
-7414
-7412
-7412
-7408
-7407
-7406
-7394
-7389
-7384
-7379
-7375
-7370
-7367
-7365
-7364
-7364
-7364
-7363
-7358
-7357
-7354
-7343
-7340
-7338
-7335
-7334
-7328
-7328
-7322
-7318
-7313
-7310
-7308
-7304
-7297
-7296
-7293
-7291
-7291
-7287
-7284
-7283
-7272
-7270
-7258
-7256
-7252
-7251
-7248
-7247
-7246
-7232
-7231
-7221
-7218
-7214
-7213
-7213
-7210
-7207
-7207
-7201
-7191
-7191
-7186
-7186
-7185
-7181
-7174
-7165
-7165
-7164
-7164
-7163
-7162
-7162
-7159
-7159
-7155
-7152
-7147
-7128
-7127
-7117
-7111
-7109
-7108
-7103
-7101
-7100
-7096
-7086
-7084
-7079
-7074
-7067
-7049
-7045
-7043
-7039
-7037
-7037
-7022
-7021
-7021
-7016
-7008
-7007
-7002
-6997
-6992
-6987
-6987
-6987
-6980
-6971
-6964
-6963
-6961
-6958
-6955
-6954
-6953
-6951
-6940
-6939
-6930
-6930
-6929
-6928
-6925
-6923
-6920
-6917
-6916
-6909
-6904
-6902
-6902
-6901
-6895
-6895
-6892
-6891
-6890
-6875
-6873
-6873
-6872
-6870
-6868
-6859
-6855
-6853
-6850
-6845
-6836
-6834
-6829
-6825
-6821
-6815
-6811
-6809
-6808
-6807
-6803
-6803
-6795
-6791
-6791
-6786
-6786
-6780
-6770
-6754
-6746
-6745
-6742
-6741
-6733
-6729
-6727
-6724
-6716
-6710
-6701
-6699
-6693
-6686
-6685
-6680
-6680
-6673
-6667
-6656
-6656
-6655
-6653
-6646
-6640
-6633
-6632
-6623
-6622
-6616
-6611
-6610
-6608
-6607
-6606
-6605
-6605
-6601
-6595
-6592
-6580
-6562
-6555
-6547
-6545
-6544
-6538
-6538
-6528
-6523
-6512
-6510
-6502
-6493
-6492
-6491
-6490
-6489
-6486
-6485
-6479
-6479
-6473
-6473
-6470
-6466
-6465
-6461
-6447
-6437
-6436
-6430
-6420
-6417
-6403
-6396
-6395
-6392
-6392
-6379
-6373
-6366
-6365
-6355
-6354
-6353
-6333
-6329
-6323
-6319
-6313
-6311
-6310
-6307
-6305
-6301
-6299
-6292
-6292
-6290
-6281
-6269
-6263
-6258
-6257
-6256
-6254
-6250
-6247
-6244
-6237
-6235
-6223
-6212
-6201
-6199
-6196
-6195
-6195
-6188
-6183
-6183
-6181
-6180
-6168
-6155
-6150
-6147
-6140
-6126
-6123
-6116
-6114
-6112
-6109
-6106
-6104
-6098
-6096
-6093
-6091
-6085
-6071
-6067
-6066
-6063
-6060
-6058
-6050
-6033
-6029
-6026
-6024
-6016
-6016
-6015
-5997
-5996
-5994
-5993
-5992
-5991
-5987
-5982
-5981
-5974
-5971
-5965
-5961
-5952
-5949
-5943
-5943
-5930
-5925
-5921
-5914
-5911
-5911
-5892
-5884
-5875
-5868
-5868
-5866
-5854
-5849
-5847
-5844
-5840
-5840
-5838
-5836
-5835
-5827
-5825
-5821
-5816
-5813
-5813
-5811
-5805
-5798
-5790
-5787
-5786
-5783
-5781
-5764
-5764
-5764
-5763
-5762
-5761
-5757
-5756
-5755
-5726
-5696
-5695
-5690
-5686
-5681
-5680
-5677
-5674
-5674
-5674
-5664
-5663
-5657
-5626
-5615
-5614
-5603
-5602
-5601
-5597
-5596
-5588
-5582
-5578
-5571
-5571
-5568
-5567
-5557
-5557
-5557
-5555
-5553
-5544
-5544
-5542
-5533
-5518
-5515
-5510
-5494
-5491
-5491
-5479
-5476
-5468
-5462
-5456
-5452
-5445
-5434
-5433
-5433
-5427
-5420
-5415
-5413
-5409
-5408
-5406
-5405
-5401
-5400
-5400
-5398
-5394
-5391
-5391
-5389
-5389
-5387
-5383
-5383
-5382
-5377
-5375
-5372
-5370
-5364
-5361
-5360
-5359
-5357
-5352
-5349
-5346
-5345
-5345
-5344
-5342
-5339
-5333
-5332
-5326
-5324
-5324
-5320
-5319
-5310
-5292
-5290
-5286
-5286
-5285
-5281
-5279
-5278
-5277
-5273
-5261
-5261
-5254
-5254
-5252
-5252
-5251
-5242
-5241
-5241
-5241
-5236
-5233
-5230
-5228
-5223
-5223
-5215
-5214
-5212
-5211
-5203
-5199
-5197
-5196
-5195
-5195
-5192
-5188
-5182
-5181
-5181
-5180
-5175
-5172
-5169
-5168
-5151
-5148
-5136
-5134
-5134
-5128
-5123
-5122
-5115
-5114
-5114
-5108
-5108
-5107
-5106
-5093
-5091
-5084
-5079
-5066
-5062
-5062
-5044
-5037
-5034
-5031
-5028
-5028
-5012
-5010
-5010
-5004
-5001
-5000
-4999
-4990
-4983
-4978
-4972
-4967
-4965
-4952
-4947
-4940
-4939
-4939
-4937
-4931
-4931
-4928
-4926
-4926
-4924
-4923
-4923
-4922
-4910
-4907
-4900
-4897
-4894
-4894
-4893
-4892
-4885
-4883
-4878
-4864
-4856
-4853
-4853
-4830
-4818
-4817
-4816
-4807
-4804
-4799
-4795
-4788
-4788
-4780
-4770
-4767
-4759
-4756
-4755
-4748
-4744
-4743
-4739
-4733
-4733
-4726
-4721
-4717
-4708
-4707
-4696
-4695
-4695
-4690
-4685
-4681
-4676
-4671
-4669
-4668
-4668
-4658
-4652
-4650
-4646
-4644
-4637
-4627
-4620
-4617
-4615
-4609
-4606
-4606
-4604
-4603
-4603
-4595
-4592
-4589
-4586
-4582
-4579
-4576
-4575
-4572
-4569
-4567
-4564
-4564
-4562
-4562
-4562
-4559
-4551
-4539
-4535
-4534
-4533
-4530
-4524
-4519
-4510
-4507
-4507
-4494
-4492
-4489
-4487
-4485
-4463
-4459
-4455
-4447
-4434
-4432
-4430
-4419
-4417
-4400
-4393
-4385
-4382
-4379
-4374
-4371
-4370
-4367
-4364
-4360
-4353
-4341
-4337
-4331
-4330
-4316
-4312
-4292
-4292
-4289
-4289
-4285
-4271
-4269
-4267
-4266
-4262
-4261
-4260
-4259
-4258
-4258
-4248
-4247
-4243
-4239
-4238
-4236
-4229
-4226
-4225
-4209
-4206
-4202
-4199
-4197
-4195
-4194
-4187
-4185
-4184
-4179
-4177
-4174
-4168
-4168
-4161
-4158
-4157
-4155
-4151
-4151
-4150
-4148
-4148
-4145
-4141
-4121
-4120
-4118
-4112
-4104
-4084
-4081
-4079
-4065
-4063
-4058
-4056
-4052
-4045
-4042
-4040
-4028
-4025
-4023
-4021
-4021
-4020
-4013
-4010
-4004
-3996
-3993
-3992
-3985
-3979
-3974
-3973
-3971
-3970
-3967
-3962
-3959
-3958
-3958
-3953
-3948
-3947
-3943
-3936
-3936
-3935
-3930
-3929
-3925
-3899
-3898
-3897
-3893
-3892
-3890
-3887
-3885
-3884
-3879
-3873
-3863
-3859
-3858
-3856
-3855
-3855
-3853
-3852
-3851
-3850
-3848
-3848
-3848
-3846
-3845
-3844
-3842
-3839
-3835
-3833
-3833
-3829
-3828
-3824
-3821
-3803
-3795
-3792
-3788
-3787
-3781
-3778
-3777
-3775
-3763
-3762
-3757
-3754
-3743
-3735
-3734
-3732
-3723
-3721
-3720
-3716
-3715
-3712
-3696
-3695
-3693
-3689
-3673
-3673
-3664
-3663
-3660
-3659
-3656
-3655
-3637
-3637
-3634
-3633
-3625
-3621
-3619
-3603
-3600
-3598
-3584
-3584
-3584
-3582
-3575
-3572
-3562
-3561
-3557
-3547
-3545
-3544
-3540
-3532
-3527
-3522
-3516
-3515
-3512
-3511
-3506
-3495
-3492
-3492
-3492
-3485
-3480
-3479
-3473
-3469
-3463
-3459
-3456
-3456
-3455
-3449
-3446
-3443
-3435
-3432
-3429
-3426
-3426
-3423
-3422
-3422
-3415
-3412
-3406
-3405
-3405
-3390
-3382
-3382
-3373
-3368
-3365
-3365
-3361
-3359
-3355
-3352
-3350
-3346
-3327
-3325
-3323
-3320
-3317
-3315
-3313
-3312
-3312
-3312
-3311
-3311
-3308
-3306
-3302
-3300
-3289
-3280
-3277
-3270
-3266
-3265
-3261
-3261
-3256
-3255
-3253
-3247
-3244
-3242
-3232
-3231
-3208
-3206
-3202
-3193
-3192
-3189
-3183
-3183
-3182
-3176
-3175
-3175
-3161
-3160
-3156
-3152
-3143
-3139
-3138
-3138
-3129
-3128
-3127
-3126
-3121
-3119
-3110
-3109
-3107
-3102
-3096
-3092
-3090
-3087
-3084
-3082
-3074
-3069
-3068
-3068
-3062
-3059
-3056
-3050
-3050
-3049
-3048
-3044
-3042
-3039
-3035
-3035
-3034
-3024
-3021
-3021
-3018
-3017
-3016
-3014
-3011
-3010
-3009
-3008
-3003
-3002
-3000
-2999
-2998
-2997
-2995
-2986
-2975
-2973
-2967
-2964
-2952
-2949
-2947
-2938
-2938
-2934
-2933
-2932
-2927
-2926
-2925
-2919
-2909
-2902
-2902
-2901
-2901
-2900
-2900
-2897
-2897
-2897
-2894
-2890
-2882
-2881
-2880
-2879
-2878
-2875
-2873
-2867
-2858
-2856
-2851
-2850
-2844
-2840
-2835
-2832
-2826
-2815
-2808
-2808
-2804
-2792
-2789
-2788
-2785
-2781
-2780
-2774
-2768
-2764
-2762
-2759
-2758
-2756
-2755
-2755
-2748
-2745
-2745
-2742
-2734
-2731
-2730
-2730
-2719
-2717
-2715
-2714
-2713
-2699
-2696
-2691
-2690
-2677
-2675
-2673
-2673
-2669
-2669
-2667
-2661
-2660
-2660
-2659
-2655
-2649
-2644
-2642
-2641
-2639
-2634
-2633
-2631
-2617
-2613
-2600
-2596
-2589
-2588
-2586
-2572
-2556
-2555
-2555
-2549
-2541
-2538
-2535
-2532
-2528
-2518
-2518
-2509
-2509
-2509
-2505
-2494
-2489
-2485
-2484
-2480
-2478
-2475
-2474
-2471
-2465
-2465
-2458
-2456
-2454
-2451
-2447
-2447
-2441
-2437
-2437
-2436
-2425
-2423
-2422
-2421
-2420
-2420
-2418
-2401
-2398
-2398
-2394
-2390
-2389
-2389
-2388
-2387
-2386
-2383
-2383
-2383
-2381
-2381
-2376
-2369
-2367
-2366
-2363
-2362
-2357
-2342
-2339
-2330
-2328
-2327
-2323
-2323
-2310
-2308
-2308
-2304
-2300
-2297
-2292
-2287
-2284
-2273
-2270
-2269
-2266
-2264
-2255
-2251
-2246
-2240
-2230
-2226
-2225
-2222
-2213
-2210
-2208
-2206
-2198
-2195
-2193
-2191
-2176
-2175
-2173
-2173
-2170
-2170
-2167
-2163
-2158
-2153
-2151
-2148
-2144
-2134
-2131
-2120
-2118
-2117
-2114
-2112
-2111
-2110
-2106
-2105
-2101
-2099
-2093
-2083
-2080
-2078
-2077
-2071
-2065
-2064
-2062
-2053
-2048
-2046
-2042
-2042
-2042
-2026
-2024
-2019
-2013
-1999
-1996
-1993
-1991
-1978
-1974
-1970
-1965
-1964
-1955
-1947
-1941
-1940
-1939
-1939
-1939
-1938
-1937
-1934
-1927
-1924
-1923
-1918
-1911
-1911
-1901
-1892
-1887
-1880
-1872
-1872
-1865
-1862
-1859
-1850
-1849
-1849
-1848
-1844
-1833
-1826
-1819
-1816
-1810
-1810
-1807
-1804
-1796
-1794
-1786
-1778
-1778
-1774
-1773
-1765
-1761
-1754
-1753
-1751
-1749
-1746
-1743
-1732
-1727
-1726
-1722
-1712
-1710
-1684
-1676
-1671
-1668
-1654
-1654
-1652
-1640
-1639
-1637
-1636
-1634
-1632
-1631
-1628
-1628
-1627
-1627
-1624
-1624
-1617
-1615
-1602
-1598
-1592
-1585
-1577
-1576
-1566
-1563
-1553
-1550
-1550
-1549
-1537
-1536
-1524
-1520
-1520
-1519
-1519
-1516
-1515
-1514
-1508
-1506
-1505
-1505
-1504
-1492
-1486
-1484
-1483
-1474
-1468
-1463
-1455
-1455
-1442
-1441
-1414
-1411
-1407
-1407
-1406
-1404
-1403
-1392
-1383
-1375
-1370
-1368
-1368
-1367
-1366
-1365
-1362
-1352
-1350
-1336
-1335
-1330
-1329
-1319
-1319
-1318
-1314
-1312
-1309
-1289
-1279
-1270
-1267
-1264
-1260
-1259
-1257
-1253
-1253
-1246
-1245
-1243
-1232
-1231
-1227
-1225
-1219
-1218
-1217
-1214
-1205
-1199
-1199
-1197
-1194
-1194
-1193
-1191
-1186
-1185
-1183
-1180
-1178
-1170
-1166
-1166
-1164
-1160
-1154
-1150
-1149
-1141
-1135
-1134
-1133
-1120
-1116
-1112
-1112
-1106
-1101
-1089
-1083
-1077
-1077
-1053
-1042
-1042
-1042
-1039
-1038
-1037
-1034
-1033
-1029
-1029
-1023
-1018
-1011
-1007
-1006
-1005
-1005
-1002
-999
-999
-987
-984
-983
-971
-970
-970
-963
-961
-957
-952
-951
-949
-948
-942
-941
-939
-938
-937
-935
-926
-920
-914
-911
-910
-906
-906
-904
-904
-900
-900
-898
-897
-893
-890
-884
-881
-871
-866
-864
-862
-862
-860
-860
-853
-852
-843
-837
-837
-832
-830
-821
-818
-811
-811
-810
-804
-803
-803
-798
-793
-788
-787
-787
-786
-773
-768
-763
-763
-760
-757
-747
-747
-744
-724
-721
-719
-715
-714
-711
-710
-708
-707
-703
-703
-701
-697
-686
-686
-685
-680
-678
-677
-676
-672
-671
-665
-663
-659
-655
-652
-649
-640
-628
-626
-623
-623
-623
-621
-611
-610
-608
-608
-602
-601
-600
-594
-590
-585
-580
-564
-564
-562
-558
-557
-556
-543
-540
-533
-531
-530
-530
-528
-524
-522
-519
-518
-510
-508
-505
-500
-493
-491
-486
-485
-485
-482
-481
-480
-479
-469
-466
-458
-446
-443
-442
-439
-435
-432
-431
-430
-421
-419
-417
-413
-413
-412
-408
-405
-404
-404
-403
-403
-401
-399
-395
-394
-388
-382
-374
-372
-372
-369
-366
-361
-354
-354
-352
-350
-341
-337
-329
-327
-327
-317
-315
-311
-310
-308
-300
-294
-287
-286
-286
-266
-265
-256
-253
-252
-251
-250
-246
-245
-239
-228
-228
-227
-224
-213
-209
-201
-193
-193
-189
-185
-182
-181
-181
-178
-175
-175
-174
-173
-172
-169
-166
-164
-163
-159
-159
-158
-157
-148
-145
-143
-139
-132
-129
-129
-124
-119
-118
-116
-116
-115
-115
-114
-112
-109
-107
-106
-106
-104
-102
-99
-98
-94
-93
-79
-75
-73
-69
-68
-63
-63
-63
-59
-59
-58
-37
-37
-22
-22
-17
-16
-12
-9
-6
8
11
12
15
19
19
24
34
34
39
40
41
46
51
66
69
73
85
91
92
96
98
105
106
109
116
123
125
125
125
126
144
145
149
149
150
152
154
159
160
172
175
176
180
181
184
189
194
195
201
201
215
221
225
230
238
242
242
245
256
262
278
280
282
287
293
293
315
321
321
323
327
343
344
347
350
350
351
351
353
354
355
356
364
365
366
367
373
379
384
388
395
396
396
401
405
409
412
417
417
420
427
429
432
433
437
437
439
442
443
445
446
449
450
451
455
460
462
467
473
475
476
479
482
486
489
493
504
506
509
516
517
521
526
530
530
542
542
543
544
546
557
558
559
559
565
565
566
567
570
572
576
578
578
585
586
592
593
594
595
595
596
597
598
607
609
610
611
611
616
617
618
620
621
622
627
633
635
639
644
650
656
658
660
661
661
662
662
662
663
669
670
671
673
674
676
678
681
687
689
694
694
700
707
708
708
714
717
717
719
719
721
726
731
747
753
754
760
762
764
766
778
794
795
798
802
810
814
827
827
831
834
835
837
840
841
844
844
846
851
860
862
862
863
864
866
871
871
874
878
879
880
880
885
888
890
892
899
904
911
916
916
918
925
928
932
938
944
944
947
956
960
964
964
966
971
974
976
980
984
988
993
1001
1002
1008
1014
1015
1017
1021
1023
1024
1025
1026
1028
1034
1042
1045
1046
1052
1057
1060
1065
1085
1088
1095
1095
1096
1110
1111
1128
1136
1138
1148
1148
1163
1164
1175
1189
1190
1193
1200
1212
1214
1215
1217
1217
1219
1221
1224
1226
1229
1229
1231
1232
1234
1247
1249
1251
1260
1264
1279
1284
1284
1285
1285
1286
1288
1296
1297
1299
1304
1309
1310
1312
1312
1320
1322
1323
1323
1325
1331
1332
1334
1336
1340
1340
1345
1357
1365
1366
1370
1372
1373
1375
1375
1377
1382
1382
1386
1388
1396
1396
1403
1408
1417
1419
1420
1424
1438
1439
1443
1447
1450
1456
1456
1458
1458
1459
1461
1462
1465
1466
1466
1468
1470
1476
1478
1479
1482
1492
1494
1498
1503
1504
1511
1515
1520
1523
1525
1527
1529
1547
1550
1550
1552
1554
1560
1574
1580
1580
1582
1589
1590
1595
1601
1605
1606
1608
1608
1613
1615
1619
1621
1622
1628
1632
1636
1638
1640
1648
1656
1658
1677
1679
1683
1685
1688
1689
1693
1701
1714
1715
1717
1724
1728
1734
1746
1751
1752
1752
1753
1756
1762
1767
1774
1774
1774
1775
1779
1780
1783
1789
1798
1801
1804
1821
1832
1835
1836
1843
1843
1843
1847
1849
1858
1859
1864
1864
1865
1868
1869
1869
1871
1874
1874
1883
1890
1893
1894
1895
1896
1897
1899
1900
1908
1911
1920
1932
1932
1935
1935
1938
1939
1940
1945
1948
1951
1961
1962
1964
1968
1971
1972
1972
1982
2007
2017
2021
2022
2029
2051
2054
2059
2061
2061
2063
2065
2066
2066
2069
2082
2086
2090
2091
2094
2094
2095
2098
2099
2101
2102
2104
2104
2107
2113
2124
2126
2127
2129
2132
2139
2148
2160
2161
2166
2168
2168
2171
2174
2175
2175
2184
2190
2192
2202
2206
2210
2217
2218
2218
2219
2219
2223
2224
2224
2229
2232
2255
2257
2266
2268
2268
2270
2278
2285
2286
2288
2296
2296
2296
2300
2311
2311
2329
2345
2345
2346
2347
2347
2351
2358
2366
2378
2380
2387
2398
2403
2403
2412
2419
2421
2431
2432
2435
2444
2448
2450
2454
2465
2467
2478
2484
2489
2492
2494
2505
2505
2512
2518
2520
2523
2524
2524
2534
2534
2535
2537
2538
2550
2558
2560
2569
2572
2579
2581
2582
2598
2601
2603
2612
2615
2621
2621
2624
2626
2627
2634
2646
2648
2648
2651
2652
2653
2654
2668
2669
2676
2676
2681
2681
2688
2688
2691
2691
2692
2705
2705
2706
2707
2710
2718
2724
2727
2730
2734
2735
2735
2739
2741
2743
2745
2749
2756
2758
2760
2761
2765
2769
2773
2777
2785
2789
2789
2789
2792
2792
2792
2800
2801
2806
2808
2808
2810
2811
2816
2818
2821
2822
2826
2839
2847
2848
2849
2851
2852
2852
2878
2879
2886
2890
2891
2895
2901
2904
2905
2906
2911
2914
2914
2917
2920
2922
2922
2922
2926
2943
2948
2948
2953
2954
2954
2958
2959
2964
2966
2967
2967
2973
2976
2978
2979
2988
3001
3006
3009
3010
3017
3021
3023
3028
3031
3032
3033
3044
3046
3050
3061
3069
3073
3083
3087
3091
3096
3099
3106
3107
3111
3112
3125
3130
3135
3136
3137
3141
3156
3161
3161
3161
3162
3167
3171
3176
3178
3179
3181
3185
3189
3197
3199
3200
3226
3232
3242
3247
3260
3262
3268
3272
3275
3276
3279
3281
3289
3290
3297
3307
3316
3320
3321
3323
3337
3353
3356
3359
3360
3365
3365
3372
3374
3374
3388
3389
3390
3398
3400
3405
3405
3406
3408
3416
3416
3424
3427
3430
3437
3437
3443
3444
3451
3452
3452
3468
3477
3477
3493
3501
3512
3523
3523
3523
3533
3540
3542
3546
3551
3554
3559
3561
3562
3569
3572
3583
3586
3597
3604
3611
3613
3617
3624
3633
3639
3640
3642
3644
3657
3659
3662
3666
3666
3666
3670
3670
3679
3682
3704
3705
3707
3715
3718
3721
3725
3727
3731
3735
3739
3745
3745
3749
3750
3756
3757
3767
3769
3776
3780
3781
3782
3790
3795
3795
3801
3803
3808
3815
3816
3816
3818
3819
3824
3824
3825
3835
3837
3838
3838
3841
3845
3849
3850
3856
3859
3862
3865
3872
3885
3906
3908
3910
3914
3921
3929
3931
3942
3953
3960
3964
3964
3970
3973
3977
3977
3980
3984
3988
3993
4002
4008
4018
4019
4023
4025
4032
4032
4056
4062
4066
4069
4069
4074
4080
4085
4093
4094
4098
4100
4107
4123
4124
4125
4134
4136
4136
4139
4140
4145
4147
4153
4155
4155
4156
4163
4167
4170
4177
4184
4190
4193
4194
4201
4202
4208
4210
4212
4213
4215
4222
4227
4234
4237
4241
4241
4242
4252
4260
4264
4265
4266
4266
4268
4272
4272
4273
4275
4275
4278
4281
4281
4285
4286
4290
4292
4300
4314
4314
4314
4315
4316
4318
4319
4320
4341
4348
4358
4359
4365
4368
4371
4372
4373
4373
4383
4384
4388
4390
4392
4394
4408
4411
4413
4413
4429
4431
4437
4446
4449
4454
4456
4456
4457
4460
4462
4465
4473
4476
4477
4477
4482
4483
4485
4486
4488
4491
4501
4507
4518
4522
4525
4526
4530
4530
4531
4534
4537
4542
4544
4544
4557
4557
4561
4561
4563
4563
4564
4572
4576
4576
4583
4584
4588
4590
4591
4591
4594
4595
4596
4599
4599
4606
4609
4609
4610
4618
4619
4621
4624
4628
4629
4631
4636
4640
4641
4647
4649
4657
4661
4667
4671
4672
4681
4686
4687
4704
4705
4706
4708
4709
4710
4711
4716
4718
4719
4723
4724
4730
4730
4735
4745
4751
4752
4768
4769
4773
4774
4778
4778
4785
4785
4786
4787
4790
4790
4791
4791
4800
4803
4807
4808
4815
4816
4823
4832
4835
4838
4842
4843
4846
4847
4849
4857
4863
4867
4868
4868
4869
4869
4873
4876
4876
4881
4881
4895
4898
4898
4905
4909
4910
4914
4917
4919
4936
4936
4938
4939
4943
4951
4960
4963
4965
4966
4970
4971
4985
4995
5005
5012
5017
5017
5032
5033
5043
5046
5049
5055
5058
5058
5058
5065
5065
5072
5079
5089
5089
5097
5099
5107
5107
5110
5111
5117
5121
5123
5126
5126
5140
5141
5141
5141
5142
5146
5152
5155
5163
5175
5181
5188
5189
5197
5208
5210
5213
5213
5220
5223
5228
5231
5232
5237
5238
5238
5242
5250
5263
5271
5271
5275
5279
5280
5280
5294
5304
5319
5319
5320
5325
5328
5336
5339
5340
5345
5348
5352
5354
5356
5357
5361
5380
5385
5387
5398
5399
5400
5402
5409
5413
5418
5419
5422
5426
5428
5435
5441
5451
5452
5464
5467
5475
5476
5479
5480
5499
5502
5507
5508
5516
5517
5523
5524
5534
5538
5540
5542
5542
5544
5545
5552
5555
5557
5559
5560
5563
5563
5564
5564
5564
5566
5566
5580
5582
5591
5592
5593
5610
5610
5612
5614
5614
5615
5615
5622
5623
5623
5627
5633
5636
5639
5640
5643
5649
5650
5651
5651
5654
5670
5675
5675
5676
5676
5683
5685
5699
5700
5708
5712
5723
5725
5730
5739
5740
5742
5742
5742
5744
5746
5748
5750
5750
5757
5759
5761
5764
5766
5768
5768
5771
5777
5782
5782
5789
5790
5791
5800
5804
5805
5811
5826
5831
5839
5845
5849
5865
5877
5881
5897
5903
5909
5910
5918
5918
5920
5923
5927
5928
5929
5931
5931
5934
5936
5938
5939
5947
5948
5955
5956
5960
5964
5967
5973
5977
5979
5979
5979
5980
5983
5988
5991
5998
6007
6007
6010
6010
6011
6012
6014
6019
6020
6022
6023
6026
6032
6032
6055
6067
6067
6071
6076
6076
6077
6099
6105
6109
6114
6115
6120
6125
6126
6130
6138
6141
6146
6146
6155
6156
6157
6166
6170
6174
6176
6181
6184
6186
6187
6193
6194
6204
6216
6216
6217
6223
6223
6226
6231
6242
6242
6245
6258
6261
6267
6268
6271
6273
6274
6277
6297
6298
6302
6304
6307
6309
6309
6312
6313
6327
6330
6331
6333
6337
6337
6344
6345
6349
6354
6355
6359
6360
6362
6364
6376
6382
6383
6385
6386
6387
6388
6392
6393
6405
6409
6416
6419
6423
6425
6426
6436
6443
6450
6450
6455
6456
6456
6459
6465
6466
6468
6473
6473
6474
6475
6476
6477
6485
6486
6488
6489
6499
6506
6509
6513
6515
6523
6527
6528
6528
6537
6546
6548
6550
6553
6560
6562
6564
6565
6568
6570
6573
6574
6582
6583
6587
6588
6590
6594
6595
6608
6615
6616
6617
6627
6630
6633
6636
6640
6645
6645
6650
6650
6655
6660
6661
6662
6667
6672
6674
6690
6691
6695
6698
6701
6701
6711
6712
6723
6730
6733
6740
6743
6743
6752
6757
6761
6761
6787
6794
6799
6801
6809
6810
6810
6822
6824
6829
6831
6837
6838
6840
6844
6849
6856
6857
6860
6862
6886
6887
6898
6900
6900
6907
6919
6926
6930
6937
6946
6951
6953
6958
6963
6967
6968
6968
6969
6970
6971
6976
6986
6997
6998
6998
7002
7010
7019
7022
7026
7028
7038
7039
7041
7043
7044
7045
7054
7054
7058
7063
7064
7064
7071
7071
7078
7085
7090
7094
7096
7097
7114
7114
7119
7126
7129
7131
7137
7138
7153
7155
7157
7172
7173
7174
7175
7177
7185
7189
7190
7191
7195
7197
7203
7212
7228
7228
7230
7230
7234
7242
7249
7250
7261
7263
7271
7272
7274
7278
7278
7281
7290
7292
7297
7298
7300
7302
7306
7309
7318
7319
7321
7332
7332
7333
7334
7336
7357
7358
7359
7360
7361
7361
7361
7367
7369
7372
7378
7381
7385
7391
7391
7392
7398
7401
7407
7408
7409
7415
7418
7421
7432
7435
7441
7445
7451
7453
7459
7463
7470
7477
7479
7488
7491
7492
7502
7503
7504
7507
7511
7512
7514
7518
7519
7521
7522
7525
7528
7534
7534
7540
7541
7542
7542
7544
7546
7556
7558
7568
7569
7569
7573
7575
7578
7579
7585
7589
7592
7596
7599
7604
7604
7606
7619
7620
7621
7624
7624
7630
7631
7633
7633
7634
7641
7643
7643
7646
7652
7653
7657
7667
7671
7673
7674
7677
7681
7694
7699
7699
7707
7710
7711
7712
7713
7714
7720
7721
7724
7732
7732
7733
7738
7739
7748
7755
7762
7763
7771
7771
7772
7775
7776
7777
7786
7794
7798
7798
7800
7805
7808
7810
7817
7820
7824
7826
7829
7831
7833
7835
7836
7837
7842
7843
7857
7857
7862
7883
7883
7887
7893
7894
7897
7904
7905
7905
7905
7909
7910
7912
7916
7921
7921
7921
7931
7932
7935
7941
7944
7954
7964
7977
7978
7978
7980
7989
8004
8005
8007
8007
8009
8020
8021
8026
8028
8033
8033
8036
8036
8047
8049
8050
8050
8052
8055
8058
8071
8078
8080
8082
8084
8085
8104
8104
8109
8111
8114
8124
8135
8138
8139
8143
8145
8149
8152
8155
8157
8158
8158
8159
8163
8163
8164
8178
8183
8185
8200
8200
8201
8207
8211
8222
8235
8245
8245
8246
8251
8259
8260
8262
8270
8276
8279
8279
8281
8283
8286
8289
8294
8297
8311
8316
8322
8326
8328
8334
8334
8335
8347
8351
8362
8365
8370
8371
8373
8384
8387
8390
8393
8396
8399
8401
8402
8413
8415
8422
8442
8443
8447
8449
8452
8454
8454
8458
8472
8477
8478
8479
8480
8482
8484
8498
8511
8511
8513
8516
8516
8518
8518
8519
8528
8536
8537
8542
8543
8544
8550
8555
8559
8563
8571
8572
8576
8579
8580
8581
8581
8582
8584
8588
8589
8590
8596
8602
8603
8603
8603
8614
8619
8619
8620
8628
8631
8639
8641
8642
8645
8650
8655
8660
8661
8661
8665
8670
8672
8674
8685
8690
8693
8697
8697
8704
8705
8708
8725
8735
8741
8743
8743
8747
8755
8755
8756
8756
8757
8765
8768
8769
8777
8787
8791
8792
8806
8816
8816
8821
8822
8827
8833
8840
8845
8850
8851
8855
8858
8859
8862
8867
8871
8872
8874
8875
8875
8877
8884
8888
8905
8907
8908
8908
8911
8918
8922
8923
8930
8933
8934
8936
8937
8957
8957
8958
8967
8971
8972
8985
8987
8990
8996
8997
9005
9005
9008
9010
9019
9024
9024
9025
9028
9031
9032
9037
9037
9042
9042
9044
9047
9048
9052
9059
9063
9068
9071
9072
9074
9077
9078
9078
9083
9085
9090
9096
9097
9102
9106
9106
9110
9113
9120
9121
9123
9123
9130
9134
9149
9156
9161
9162
9162
9165
9171
9175
9190
9193
9196
9197
9204
9210
9211
9212
9213
9213
9214
9216
9218
9228
9233
9241
9243
9247
9256
9265
9270
9271
9276
9276
9283
9298
9300
9302
9306
9306
9327
9340
9345
9345
9359
9364
9369
9374
9379
9382
9392
9405
9407
9412
9415
9415
9422
9423
9432
9434
9436
9439
9440
9444
9447
9452
9461
9461
9464
9465
9475
9490
9495
9503
9503
9505
9514
9515
9517
9530
9538
9539
9543
9546
9550
9552
9556
9579
9582
9594
9594
9595
9597
9600
9603
9606
9620
9620
9625
9632
9633
9634
9643
9649
9656
9663
9667
9682
9685
9689
9694
9700
9707
9710
9710
9716
9720
9721
9721
9723
9724
9725
9737
9740
9740
9744
9745
9746
9752
9757
9762
9764
9765
9775
9780
9782
9783
9783
9783
9785
9789
9796
9800
9801
9806
9806
9812
9812
9817
9821
9830
9830
9831
9832
9840
9842
9845
9847
9851
9855
9855
9856
9859
9860
9873
9874
9878
9878
9879
9882
9885
9889
9890
9893
9894
9894
9894
9895
9897
9902
9906
9912
9912
9913
9915
9915
9922
9925
9927
9935
9937
9937
9946
9946
9946
9951
9952
9961
9962
9966
9970
9984
9984
9984
9988
10000
-9998
-9996
-9974
-9972
-9967
-9964
-9962
-9962
-9940
-9937
-9927
-9923
-9921
-9911
-9899
-9896
-9881
-9870
-9865
-9863
-9861
-9842
-9840
-9838
-9819
-9799
-9792
-9788
-9784
-9774
-9771
-9760
-9758
-9752
-9745
-9743
-9740
-9740
-9734
-9713
-9701
-9700
-9690
-9682
-9679
-9650
-9643
-9628
-9615
-9611
-9606
-9605
-9602
-9579
-9573
-9571
-9568
-9561
-9558
-9553
-9544
-9543
-9536
-9529
-9513
-9506
-9498
-9482
-9475
-9474
-9472
-9465
-9456
-9453
-9439
-9434
-9434
-9428
-9420
-9411
-9410
-9408
-9399
-9393
-9388
-9385
-9385
-9379
-9361
-9333
-9323
-9320
-9315
-9299
-9287
-9287
-9278
-9255
-9247
-9239
-9221
-9205
-9195
-9195
-9186
-9177
-9175
-9171
-9167
-9166
-9164
-9156
-9149
-9144
-9139
-9130
-9120
-9119
-9112
-9088
-9085
-9083
-9078
-9045
-9044
-9040
-9035
-9034
-9028
-9021
-9013
-9000
-8957
-8952
-8947
-8939
-8937
-8928
-8916
-8902
-8895
-8893
-8889
-8889
-8888
-8857
-8852
-8835
-8834
-8828
-8812
-8809
-8804
-8791
-8786
-8781
-8779
-8775
-8773
-8766
-8763
-8723
-8717
-8703
-8697
-8689
-8661
-8661
-8656
-8627
-8620
-8618
-8618
-8609
-8602
-8595
-8594
-8594
-8586
-8586
-8563
-8559
-8556
-8554
-8553
-8550
-8536
-8531
-8512
-8502
-8500
-8496
-8473
-8472
-8451
-8451
-8448
-8443
-8437
-8423
-8381
-8376
-8374
-8371
-8366
-8360
-8359
-8350
-8341
-8335
-8329
-8315
-8314
-8294
-8293
-8286
-8276
-8275
-8268
-8266
-8247
-8235
-8227
-8212
-8206
-8203
-8201
-8193
-8190
-8189
-8187
-8183
-8178
-8177
-8173
-8170
-8168
-8150
-8131
-8130
-8111
-8100
-8092
-8090
-8090
-8079
-8077
-8067
-8063
-8042
-8042
-8036
-8034
-8034
-8013
-8013
-8004
-8004
-8002
-8002
-7998
-7997
-7988
-7975
-7971
-7970
-7963
-7954
-7950
-7945
-7931
-7921
-7913
-7909
-7902
-7893
-7890
-7885
-7873
-7871
-7871
-7849
-7846
-7838
-7836
-7822
-7817
-7803
-7802
-7796
-7792
-7788
-7775
-7773
-7772
-7766
-7762
-7759
-7756
-7752
-7751
-7738
-7736
-7733
-7730
-7719
-7697
-7696
-7691
-7687
-7678
-7675
-7674
-7667
-7665
-7656
-7651
-7647
-7647
-7640
-7638
-7632
-7619
-7617
-7612
-7610
-7609
-7608
-7602
-7598
-7590
-7585
-7581
-7578
-7572
-7525
-7520
-7519
-7515
-7507
-7502
-7501
-7499
-7493
-7461
-7459
-7432
-7420
-7420
-7418
-7411
-7400
-7399
-7377
-7367
-7365
-7364
-7359
-7353
-7352
-7339
-7336
-7328
-7325
-7309
-7308
-7290
-7289
-7272
-7248
-7244
-7242
-7234
-7229
-7221
-7216
-7216
-7197
-7195
-7192
-7190
-7173
-7171
-7165
-7162
-7158
-7157
-7157
-7111
-7108
-7108
-7105
-7089
-7084
-7074
-7053
-7043
-7034
-7021
-7020
-7012
-7009
-6982
-6972
-6961
-6940
-6936
-6935
-6903
-6888
-6887
-6885
-6883
-6866
-6865
-6860
-6849
-6844
-6843
-6810
-6807
-6795
-6787
-6784
-6782
-6781
-6777
-6776
-6771
-6769
-6768
-6767
-6753
-6751
-6738
-6735
-6727
-6723
-6710
-6702
-6697
-6694
-6667
-6661
-6658
-6651
-6617
-6615
-6599
-6593
-6587
-6585
-6579
-6576
-6574
-6560
-6559
-6549
-6548
-6546
-6542
-6539
-6539
-6539
-6538
-6538
-6517
-6514
-6512
-6509
-6508
-6508
-6508
-6493
-6491
-6488
-6481
-6480
-6479
-6477
-6473
-6466
-6466
-6465
-6454
-6438
-6412
-6407
-6389
-6382
-6379
-6376
-6372
-6367
-6356
-6345
-6325
-6320
-6294
-6284
-6278
-6267
-6265
-6248
-6242
-6226
-6222
-6205
-6203
-6200
-6199
-6195
-6192
-6173
-6162
-6157
-6147
-6146
-6145
-6142
-6116
-6114
-6113
-6091
-6083
-6078
-6077
-6059
-6044
-6028
-6026
-6021
-6018
-6008
-5999
-5996
-5984
-5969
-5961
-5959
-5958
-5957
-5939
-5935
-5932
-5926
-5925
-5909
-5907
-5905
-5892
-5840
-5836
-5831
-5827
-5823
-5822
-5820
-5807
-5804
-5801
-5798
-5779
-5778
-5759
-5759
-5752
-5750
-5728
-5727
-5719
-5711
-5708
-5695
-5686
-5679
-5675
-5672
-5664
-5664
-5656
-5653
-5649
-5647
-5645
-5611
-5606
-5595
-5595
-5589
-5588
-5577
-5564
-5560
-5550
-5548
-5545
-5533
-5528
-5524
-5500
-5497
-5497
-5482
-5473
-5461
-5457
-5449
-5441
-5436
-5428
-5407
-5406
-5402
-5394
-5389
-5387
-5380
-5371
-5364
-5362
-5358
-5350
-5329
-5324
-5321
-5319
-5316
-5312
-5302
-5289
-5280
-5280
-5279
-5270
-5261
-5253
-5248
-5243
-5224
-5213
-5212
-5203
-5202
-5186
-5172
-5161
-5159
-5144
-5142
-5130
-5129
-5119
-5118
-5116
-5110
-5102
-5072
-5042
-5029
-5010
-5002
-4996
-4995
-4985
-4968
-4965
-4960
-4949
-4937
-4932
-4929
-4926
-4921
-4918
-4917
-4908
-4902
-4877
-4841
-4832
-4828
-4800
-4800
-4775
-4774
-4754
-4747
-4745
-4744
-4737
-4735
-4731
-4727
-4716
-4714
-4710
-4707
-4701
-4661
-4654
-4653
-4643
-4635
-4634
-4634
-4617
-4610
-4607
-4605
-4605
-4592
-4579
-4574
-4567
-4557
-4556
-4555
-4550
-4542
-4538
-4510
-4508
-4492
-4482
-4479
-4474
-4463
-4445
-4443
-4438
-4412
-4407
-4406
-4401
-4394
-4393
-4392
-4384
-4383
-4377
-4375
-4374
-4374
-4370
-4368
-4348
-4333
-4331
-4330
-4318
-4309
-4298
-4287
-4283
-4275
-4253
-4245
-4243
-4242
-4231
-4229
-4204
-4201
-4186
-4186
-4169
-4167
-4163
-4159
-4158
-4157
-4155
-4152
-4145
-4143
-4140
-4139
-4120
-4119
-4111
-4088
-4082
-4081
-4062
-4055
-4042
-4020
-4008
-4006
-4004
-4000
-3998
-3989
-3973
-3961
-3956
-3925
-3922
-3896
-3890
-3881
-3879
-3870
-3868
-3853
-3844
-3822
-3817
-3807
-3797
-3796
-3791
-3777
-3775
-3760
-3758
-3750
-3738
-3735
-3734
-3718
-3698
-3659
-3656
-3648
-3643
-3630
-3628
-3614
-3613
-3609
-3594
-3592
-3591
-3585
-3572
-3562
-3555
-3553
-3542
-3540
-3538
-3526
-3525
-3522
-3514
-3481
-3477
-3475
-3469
-3461
-3452
-3439
-3438
-3437
-3412
-3407
-3397
-3392
-3390
-3383
-3378
-3370
-3353
-3353
-3343
-3327
-3308
-3306
-3294
-3285
-3283
-3272
-3272
-3271
-3248
-3221
-3221
-3219
-3208
-3204
-3199
-3196
-3196
-3189
-3171
-3165
-3135
-3122
-3117
-3105
-3101
-3096
-3086
-3063
-3060
-3055
-3035
-3027
-3026
-3023
-3020
-3012
-3008
-3002
-3001
-3000
-2997
-2985
-2970
-2966
-2961
-2953
-2937
-2934
-2920
-2918
-2914
-2910
-2901
-2885
-2882
-2868
-2857
-2857
-2850
-2849
-2847
-2844
-2841
-2818
-2816
-2803
-2802
-2797
-2795
-2786
-2783
-2772
-2760
-2755
-2751
-2750
-2747
-2738
-2736
-2712
-2711
-2706
-2684
-2671
-2664
-2662
-2657
-2655
-2653
-2642
-2632
-2631
-2623
-2621
-2618
-2610
-2603
-2596
-2594
-2591
-2577
-2556
-2554
-2550
-2533
-2524
-2519
-2516
-2510
-2494
-2483
-2466
-2459
-2453
-2449
-2423
-2417
-2410
-2409
-2395
-2384
-2384
-2384
-2370
-2361
-2361
-2359
-2355
-2352
-2351
-2349
-2328
-2321
-2315
-2312
-2312
-2301
-2270
-2260
-2247
-2247
-2245
-2245
-2245
-2245
-2221
-2216
-2206
-2204
-2203
-2191
-2182
-2165
-2162
-2158
-2152
-2152
-2144
-2141
-2138
-2116
-2112
-2107
-2101
-2096
-2089
-2087
-2085
-2066
-2064
-2061
-2060
-2047
-2039
-2038
-2016
-2014
-2004
-2002
-2000
-1983
-1977
-1975
-1973
-1972
-1971
-1958
-1947
-1937
-1930
-1921
-1918
-1911
-1896
-1890
-1890
-1883
-1878
-1878
-1869
-1864
-1860
-1854
-1848
-1814
-1809
-1809
-1789
-1777
-1770
-1769
-1764
-1764
-1744
-1743
-1730
-1726
-1721
-1698
-1696
-1694
-1683
-1672
-1657
-1657
-1647
-1643
-1641
-1641
-1632
-1618
-1614
-1614
-1602
-1595
-1588
-1567
-1538
-1519
-1503
-1494
-1492
-1486
-1485
-1484
-1482
-1476
-1476
-1472
-1467
-1461
-1460
-1451
-1451
-1449
-1447
-1447
-1446
-1437
-1416
-1416
-1408
-1405
-1402
-1379
-1379
-1379
-1375
-1369
-1368
-1364
-1360
-1357
-1356
-1347
-1343
-1336
-1324
-1321
-1320
-1304
-1292
-1290
-1289
-1272
-1270
-1265
-1263
-1259
-1257
-1223
-1206
-1201
-1193
-1188
-1185
-1168
-1167
-1146
-1125
-1123
-1123
-1118
-1096
-1095
-1089
-1077
-1072
-1067
-1064
-1060
-1043
-1038
-1037
-1036
-1032
-1021
-1017
-1001
-990
-957
-953
-942
-940
-939
-937
-918
-907
-900
-898
-888
-873
-869
-866
-831
-830
-827
-823
-817
-788
-773
-769
-768
-764
-762
-757
-751
-745
-738
-727
-725
-719
-718
-718
-715
-714
-696
-689
-685
-662
-655
-646
-642
-639
-633
-628
-605
-597
-580
-577
-576
-575
-571
-567
-561
-550
-549
-549
-544
-543
-543
-542
-534
-502
-481
-478
-472
-448
-412
-378
-373
-371
-370
-365
-362
-361
-346
-343
-333
-331
-303
-302
-275
-275
-270
-267
-258
-255
-249
-247
-243
-241
-239
-213
-208
-205
-196
-156
-152
-138
-123
-115
-112
-106
-105
-101
-95
-79
-63
-62
-56
-46
-46
-39
-37
-19
-16
-6
-6
12
23
34
37
37
39
48
58
63
72
81
85
97
106
106
107
109
111
114
125
130
137
139
142
144
152
159
167
171
172
177
187
205
210
216
220
223
226
238
244
244
249
252
255
279
295
322
327
336
352
354
356
361
367
388
389
396
401
423
435
458
466
471
473
483
485
506
511
521
543
557
573
573
579
582
597
606
609
624
633
639
644
648
660
669
669
682
682
685
710
728
731
736
744
767
799
813
816
838
848
858
869
872
872
886
887
891
894
900
909
934
967
984
990
992
1003
1037
1038
1048
1062
1120
1124
1140
1155
1158
1158
1158
1162
1164
1174
1176
1195
1223
1243
1254
1255
1256
1263
1275
1287
1296
1301
1307
1319
1337
1337
1341
1341
1357
1361
1380
1381
1386
1388
1395
1410
1427
1434
1436
1446
1455
1458
1458
1467
1474
1475
1486
1491
1497
1508
1514
1514
1520
1521
1529
1546
1549
1564
1574
1575
1581
1587
1590
1603
1617
1618
1630
1644
1645
1661
1677
1681
1705
1715
1722
1735
1740
1742
1798
1808
1815
1841
1842
1851
1853
1869
1874
1877
1890
1913
1940
1945
1954
1978
1978
1982
1997
2002
2008
2010
2020
2025
2026
2035
2048
2058
2064
2073
2076
2081
2084
2098
2100
2120
2122
2146
2148
2151
2158
2163
2167
2168
2176
2185
2194
2214
2222
2238
2248
2252
2258
2258
2261
2265
2266
2273
2274
2276
2280
2291
2291
2292
2294
2311
2312
2318
2324
2327
2327
2333
2342
2347
2365
2366
2369
2375
2377
2385
2385
2419
2425
2427
2427
2446
2459
2463
2467
2469
2474
2475
2485
2490
2490
2494
2495
2506
2545
2554
2558
2560
2566
2570
2573
2575
2587
2589
2600
2604
2609
2612
2617
2621
2621
2623
2629
2669
2683
2685
2686
2692
2694
2699
2702
2704
2737
2741
2741
2742
2750
2784
2785
2788
2802
2816
2816
2819
2831
2832
2839
2850
2851
2898
2905
2917
2921
2925
2932
2934
2945
2955
2963
2988
2991
2995
3002
3012
3018
3035
3037
3041
3060
3065
3068
3070
3071
3074
3074
3076
3077
3106
3113
3164
3173
3184
3190
3199
3213
3214
3219
3226
3227
3228
3229
3234
3249
3250
3253
3255
3258
3264
3266
3285
3297
3306
3307
3311
3330
3346
3355
3359
3361
3396
3407
3419
3436
3440
3447
3463
3468
3468
3481
3497
3507
3517
3554
3592
3634
3642
3652
3680
3718
3723
3724
3733
3733
3738
3739
3741
3747
3752
3756
3758
3760
3763
3776
3777
3780
3786
3788
3794
3803
3819
3834
3848
3851
3856
3864
3868
3874
3881
3907
3910
3911
3918
3929
3962
3975
3981
3984
3984
3990
4016
4028
4028
4029
4029
4039
4050
4051
4061
4079
4083
4089
4098
4111
4123
4129
4141
4141
4146
4162
4173
4175
4179
4179
4187
4188
4223
4230
4233
4258
4276
4276
4281
4288
4288
4300
4316
4318
4322
4332
4335
4338
4347
4350
4350
4350
4357
4357
4358
4363
4366
4383
4400
4401
4405
4410
4423
4425
4430
4442
4447
4450
4472
4479
4488
4491
4506
4512
4535
4539
4556
4558
4577
4580
4588
4592
4596
4600
4600
4604
4615
4627
4628
4629
4630
4630
4632
4632
4639
4640
4642
4654
4668
4669
4670
4705
4710
4719
4720
4730
4736
4737
4745
4746
4748
4756
4757
4757
4780
4792
4796
4803
4804
4814
4817
4832
4835
4835
4836
4837
4859
4879
4882
4887
4907
4914
4925
4932
4946
4955
4966
4967
4975
4982
4989
5021
5025
5026
5033
5035
5040
5042
5053
5058
5066
5066
5069
5086
5088
5091
5099
5100
5106
5112
5122
5132
5140
5141
5176
5179
5202
5219
5219
5233
5246
5251
5257
5260
5260
5267
5274
5287
5303
5304
5305
5307
5318
5353
5358
5362
5378
5379
5380
5382
5398
5407
5410
5432
5434
5448
5457
5459
5460
5477
5479
5481
5498
5522
5524
5525
5534
5536
5541
5542
5546
5551
5567
5570
5581
5581
5596
5596
5605
5608
5610
5613
5613
5614
5616
5623
5629
5639
5657
5662
5662
5668
5669
5671
5682
5684
5702
5722
5727
5730
5730
5749
5749
5754
5756
5762
5763
5775
5780
5785
5796
5798
5816
5824
5826
5827
5835
5838
5854
5859
5877
5881
5910
5925
5941
5964
5969
5972
6018
6030
6041
6056
6062
6067
6068
6070
6074
6078
6091
6093
6094
6096
6104
6124
6125
6129
6190
6194
6198
6205
6209
6216
6233
6240
6244
6272
6278
6294
6306
6323
6344
6347
6351
6359
6361
6375
6381
6383
6384
6387
6391
6394
6421
6422
6428
6447
6448
6451
6453
6453
6479
6481
6482
6494
6511
6514
6521
6532
6535
6537
6540
6546
6553
6554
6556
6569
6577
6583
6658
6671
6671
6673
6674
6674
6695
6701
6708
6711
6719
6720
6736
6750
6758
6761
6770
6771
6817
6842
6842
6844
6849
6851
6854
6855
6855
6856
6857
6866
6877
6887
6893
6902
6904
6909
6910
6919
6919
6922
6932
6936
6943
6949
6950
6963
6964
6997
7005
7014
7018
7029
7031
7040
7041
7055
7061
7066
7070
7074
7081
7085
7086
7091
7103
7108
7114
7122
7139
7144
7159
7164
7200
7207
7211
7213
7228
7238
7242
7255
7256
7256
7264
7266
7285
7295
7295
7304
7309
7313
7314
7326
7331
7334
7337
7339
7342
7343
7356
7386
7394
7399
7407
7409
7421
7425
7430
7438
7453
7461
7476
7489
7489
7494
7507
7511
7515
7517
7535
7539
7540
7578
7579
7582
7589
7604
7616
7640
7642
7643
7646
7650
7650
7657
7665
7666
7667
7685
7687
7693
7710
7733
7738
7746
7751
7756
7756
7758
7760
7769
7783
7785
7794
7800
7834
7850
7854
7855
7868
7875
7879
7887
7891
7899
7905
7919
7923
7942
7950
7951
7955
7966
7977
7999
8007
8013
8020
8026
8033
8037
8064
8072
8074
8075
8079
8103
8106
8113
8115
8128
8145
8146
8153
8155
8159
8161
8177
8180
8180
8185
8192
8223
8249
8259
8268
8275
8278
8294
8298
8318
8319
8340
8351
8354
8371
8372
8381
8383
8386
8391
8398
8398
8440
8444
8450
8457
8485
8487
8524
8535
8535
8535
8545
8546
8561
8562
8563
8566
8587
8591
8592
8613
8635
8642
8642
8646
8654
8664
8665
8670
8699
8700
8707
8712
8728
8729
8731
8738
8752
8761
8772
8807
8810
8837
8840
8842
8850
8850
8857
8859
8868
8885
8891
8902
8928
8930
8933
8935
8937
8940
8953
8960
8973
8973
8992
8994
8997
9010
9014
9017
9019
9028
9046
9047
9062
9066
9070
9077
9078
9082
9095
9103
9104
9105
9106
9117
9125
9148
9163
9178
9195
9197
9206
9209
9225
9233
9235
9240
9247
9278
9282
9282
9288
9314
9321
9347
9357
9367
9368
9374
9380
9389
9392
9394
9395
9409
9411
9429
9437
9451
9453
9459
9483
9499
9507
9513
9540
9544
9548
9550
9556
9566
9568
9569
9573
9578
9606
9612
9623
9631
9635
9646
9648
9649
9682
9707
9740
9740
9756
9762
9767
9777
9779
9781
9782
9786
9802
9816
9835
9842
9844
9849
9854
9858
9859
9868
9889
9895
9901
9934
9943
9950
9960
9963
9965
9968
9975
9978
9988
9989
-9979
-9971
-9959
-9956
-9951
-9945
-9934
-9931
-9921
-9906
-9878
-9854
-9845
-9835
-9801
-9739
-9727
-9722
-9701
-9686
-9681
-9680
-9671
-9653
-9638
-9634
-9584
-9536
-9517
-9517
-9495
-9483
-9479
-9438
-9429
-9423
-9413
-9412
-9392
-9389
-9376
-9375
-9365
-9336
-9301
-9291
-9246
-9239
-9234
-9221
-9211
-9162
-9147
-9129
-9128
-9123
-9122
-9110
-9105
-9049
-9033
-9031
-9013
-8970
-8948
-8908
-8905
-8867
-8823
-8807
-8790
-8781
-8779
-8760
-8755
-8742
-8736
-8725
-8704
-8691
-8689
-8666
-8648
-8645
-8640
-8612
-8600
-8600
-8563
-8556
-8547
-8540
-8527
-8526
-8526
-8503
-8488
-8461
-8459
-8451
-8446
-8398
-8377
-8342
-8327
-8297
-8295
-8282
-8280
-8263
-8253
-8246
-8214
-8206
-8164
-8161
-8146
-8144
-8121
-8113
-8112
-8095
-8091
-8076
-8072
-8063
-8057
-8053
-8044
-8043
-8034
-8019
-8016
-8010
-7998
-7974
-7961
-7938
-7931
-7922
-7903
-7882
-7866
-7864
-7854
-7783
-7777
-7760
-7747
-7733
-7703
-7684
-7609
-7584
-7580
-7566
-7528
-7528
-7523
-7521
-7487
-7473
-7473
-7465
-7444
-7443
-7439
-7420
-7385
-7379
-7364
-7345
-7343
-7325
-7276
-7272
-7269
-7265
-7263
-7244
-7237
-7218
-7216
-7184
-7177
-7162
-7162
-7161
-7144
-7097
-7078
-7034
-7027
-7022
-7016
-6987
-6965
-6954
-6936
-6934
-6921
-6913
-6865
-6862
-6855
-6851
-6843
-6841
-6822
-6820
-6819
-6807
-6790
-6773
-6761
-6746
-6744
-6737
-6717
-6713
-6680
-6650
-6623
-6593
-6552
-6550
-6548
-6543
-6541
-6515
-6501
-6498
-6492
-6453
-6425
-6418
-6401
-6355
-6346
-6335
-6319
-6298
-6289
-6263
-6235
-6223
-6215
-6211
-6200
-6192
-6158
-6133
-6127
-6124
-6113
-6099
-6074
-6073
-6072
-6057
-6054
-6029
-6021
-6009
-5976
-5965
-5957
-5956
-5942
-5935
-5905
-5864
-5853
-5851
-5849
-5807
-5794
-5788
-5736
-5727
-5720
-5711
-5682
-5671
-5618
-5608
-5599
-5554
-5534
-5528
-5526
-5526
-5495
-5486
-5477
-5473
-5467
-5467
-5454
-5425
-5424
-5406
-5365
-5362
-5326
-5317
-5314
-5295
-5273
-5269
-5251
-5247
-5226
-5170
-5157
-5148
-5103
-5080
-5079
-5066
-5036
-5035
-5016
-4999
-4976
-4976
-4937
-4926
-4926
-4898
-4887
-4884
-4883
-4880
-4864
-4849
-4848
-4841
-4828
-4819
-4785
-4766
-4765
-4764
-4758
-4756
-4753
-4704
-4702
-4687
-4617
-4609
-4579
-4574
-4571
-4548
-4540
-4515
-4514
-4500
-4493
-4475
-4470
-4451
-4446
-4441
-4434
-4430
-4427
-4420
-4417
-4413
-4386
-4385
-4384
-4365
-4358
-4349
-4348
-4347
-4336
-4296
-4295
-4293
-4284
-4203
-4183
-4167
-4152
-4127
-4089
-4070
-4042
-4040
-3994
-3994
-3989
-3965
-3899
-3899
-3849
-3840
-3815
-3805
-3751
-3751
-3750
-3727
-3707
-3694
-3690
-3678
-3666
-3647
-3629
-3608
-3607
-3604
-3562
-3549
-3548
-3516
-3514
-3494
-3470
-3466
-3448
-3416
-3415
-3368
-3360
-3332
-3329
-3315
-3308
-3276
-3261
-3242
-3222
-3221
-3206
-3190
-3189
-3171
-3149
-3135
-3072
-3065
-3063
-3052
-3017
-3010
-3003
-2974
-2964
-2963
-2963
-2960
-2942
-2904
-2881
-2868
-2867
-2861
-2838
-2817
-2816
-2798
-2796
-2785
-2746
-2743
-2743
-2738
-2736
-2734
-2692
-2687
-2660
-2659
-2648
-2638
-2635
-2601
-2576
-2539
-2535
-2519
-2456
-2437
-2395
-2390
-2380
-2363
-2350
-2335
-2314
-2305
-2292
-2288
-2288
-2283
-2212
-2209
-2192
-2182
-2171
-2160
-2142
-2103
-2099
-2087
-2077
-2076
-2048
-2004
-1965
-1927
-1924
-1923
-1896
-1883
-1877
-1859
-1841
-1830
-1810
-1798
-1788
-1771
-1765
-1745
-1727
-1719
-1714
-1694
-1678
-1651
-1649
-1644
-1635
-1623
-1610
-1595
-1594
-1524
-1518
-1510
-1505
-1501
-1436
-1415
-1379
-1370
-1347
-1341
-1332
-1330
-1310
-1310
-1310
-1306
-1263
-1252
-1235
-1221
-1211
-1205
-1190
-1178
-1162
-1160
-1156
-1155
-1144
-1134
-1124
-1085
-1052
-1042
-1042
-1037
-1034
-1012
-999
-994
-970
-951
-940
-896
-882
-880
-872
-832
-814
-813
-788
-771
-756
-746
-737
-729
-681
-667
-650
-620
-602
-558
-546
-483
-483
-461
-455
-447
-421
-343
-338
-262
-248
-248
-243
-231
-218
-218
-196
-187
-158
-156
-143
-142
-138
-136
-133
-130
-107
-45
-17
5
6
28
55
100
124
128
133
141
164
175
238
241
269
271
301
320
321
327
380
384
430
493
507
519
535
535
538
565
607
615
664
700
725
726
731
733
734
735
748
751
756
770
795
801
848
859
893
906
908
912
924
930
935
999
1004
1039
1041
1076
1085
1117
1123
1135
1142
1145
1180
1188
1190
1208
1232
1249
1258
1277
1279
1284
1318
1329
1343
1374
1385
1458
1506
1515
1537
1571
1594
1648
1651
1673
1686
1697
1722
1729
1736
1758
1777
1802
1802
1832
1838
1856
1869
1903
1912
1915
2003
2005
2015
2075
2081
2086
2094
2097
2129
2172
2190
2192
2219
2219
2232
2234
2239
2243
2252
2258
2264
2272
2292
2296
2305
2355
2357
2360
2370
2393
2395
2395
2401
2424
2508
2511
2529
2538
2540
2563
2563
2603
2630
2636
2639
2656
2676
2679
2681
2707
2707
2765
2774
2785
2816
2831
2854
2859
2893
2904
2927
2932
2938
2953
2966
2974
2979
2985
3024
3025
3076
3087
3088
3105
3158
3201
3208
3223
3230
3249
3258
3275
3290
3299
3329
3329
3340
3345
3352
3385
3393
3393
3395
3396
3405
3412
3432
3435
3438
3455
3455
3514
3523
3526
3535
3550
3568
3589
3635
3651
3656
3665
3669
3683
3685
3709
3735
3746
3768
3771
3776
3787
3787
3918
3930
3951
3959
3972
3996
3999
4028
4068
4083
4088
4091
4092
4111
4119
4128
4190
4192
4211
4241
4241
4247
4253
4259
4259
4335
4335
4354
4420
4432
4436
4459
4476
4483
4508
4523
4570
4594
4597
4601
4607
4608
4638
4653
4660
4670
4685
4708
4741
4754
4758
4832
4834
4878
4880
4888
4889
4895
4905
4910
4911
4930
4935
4944
4963
4969
4977
4992
5002
5007
5013
5013
5018
5045
5070
5077
5081
5091
5101
5128
5137
5143
5229
5256
5261
5267
5277
5310
5317
5341
5359
5367
5378
5408
5423
5452
5497
5499
5538
5569
5573
5575
5590
5596
5616
5636
5692
5723
5735
5754
5757
5764
5817
5821
5831
5833
5846
5857
5867
5876
5882
5895
5903
5911
6011
6014
6026
6028
6036
6046
6056
6061
6062
6091
6092
6106
6109
6123
6154
6158
6158
6165
6180
6189
6196
6198
6204
6213
6218
6226
6251
6252
6308
6349
6359
6382
6385
6398
6404
6426
6467
6484
6512
6542
6547
6561
6569
6571
6572
6581
6590
6591
6632
6667
6689
6694
6733
6759
6767
6788
6788
6796
6816
6840
6844
6845
6873
6880
6884
6903
6908
6913
6917
6943
6954
6954
6961
6995
7026
7042
7076
7084
7087
7089
7111
7118
7153
7157
7177
7196
7210
7219
7256
7257
7265
7276
7292
7302
7357
7373
7376
7383
7425
7428
7439
7444
7467
7486
7506
7540
7558
7607
7616
7618
7652
7654
7659
7672
7674
7676
7680
7725
7789
7798
7863
7868
7893
7900
7911
7930
7934
7972
7973
7986
7991
7993
8003
8013
8048
8048
8059
8062
8124
8137
8141
8141
8144
8146
8166
8195
8197
8198
8198
8211
8214
8221
8229
8233
8277
8288
8295
8300
8317
8324
8385
8391
8392
8417
8421
8434
8479
8508
8537
8547
8565
8575
8579
8597
8631
8659
8664
8671
8710
8720
8737
8748
8752
8769
8786
8798
8830
8834
8858
8918
8936
8973
9006
9029
9035
9051
9055
9072
9101
9107
9138
9150
9170
9171
9180
9201
9222
9235
9249
9262
9301
9320
9326
9328
9354
9361
9382
9392
9403
9413
9422
9425
9439
9446
9459
9514
9521
9544
9594
9615
9638
9655
9662
9688
9702
9706
9723
9736
9740
9742
9752
9768
9784
9814
9814
9817
9821
9823
9830
9862
9869
9870
9895
9918
9931
9935
9956
9970
9977
9978
9999
-9885
-9869
-9677
-9190
-9052
-9021
-8987
-8853
-8771
-8746
-8659
-8589
-8557
-8384
-8307
-8075
-8000
-7915
-7866
-7638
-7596
-7490
-7297
-7194
-7178
-7125
-6920
-6828
-6613
-6478
-6463
-6463
-6076
-5921
-5892
-5836
-5321
-5295
-5281
-4874
-4774
-4724
-4689
-4672
-4452
-4365
-3966
-3910
-3896
-3883
-3869
-3782
-3720
-3621
-3603
-3369
-3082
-2981
-2965
-2936
-2687
-2486
-2386
-2280
-2248
-2171
-2143
-2141
-2062
-2055
-1577
-1555
-1397
-1335
-802
-672
-607
-572
-368
-212
-159
40
531
832
934
999
1269
1330
1365
1423
1510
1527
1554
1561
1693
1948
2140
2201
2246
2288
2341
2344
2452
2556
2610
2620
2715
2722
2806
3174
3429
3558
3711
3740
4069
4142
4377
4381
4445
4557
4642
4651
4657
4669
4679
4958
4995
5068
5378
5405
5589
5782
6117
6225
6377
6774
6830
6860
7420
8059
8192
8346
8517
8742
8805
8832
8858
8974
9176
9306
9369
9553
9599
9731
9762
9807
9812
-9909
-7018
-6378
-4964
-2188
2893
4134
4457
4819
5963
812
-9148
174
8757
-7736
-8265
-4325
-1619
3428
5103
1918
-5150
9183
1680
8409
4771
9194
-3654
-271
7540
5978
-6138
-8839
-8987
8320
7125
3907
8411
-9894
-1275
-3777
919
-423
6397
-324
1842
8133
5351
-9778
1560
454
2141
6411
-364
-6180
4819
-5593
-6986
-8835
4136
-9447
7143
7999
-8285
8156
6319
8840
2063
4730
8947
-9213
-9048
-135
365
7350
9542
-7794
5482
4892
-7571
-2958
-4655
4570
-6547
4981
8390
8273
9388
-8596
9438
3524
-8043
6580
1523
-6328
4736
-2159
-7488
-3202
-7430
-8542
-2414
-6477
1324
7951
-9128
865
-9843
6354
-4243
-7414
-6604
1102
7156
-3151
-3917
5546
-4879
-4530
6951
-5442
8995
8908
-8862
518
-7420
5874
8359
-4907
-7328
-9071
-3448
258
-5548
7877
-1791
-4675
-1258
-1633
-8321
4499
953
-4925
-4399
-1891
1924
1684
-6345
7045
7155
-9395
-8397
6149
9514
-7259
-3333
-7906
8616
-4974
-2813
-8713
-4045
3740
1546
408
1616
9756
5734
-9642
-1878
7413
4857
9076
-7513
-9543
-2815
4411
2142
840
1456
-704
1446
3060
-4555
959
5801
2112
3054
4416
7138
-9759
5704
-6907
3981
-2751
3502
-4403
-2996
-765
-4045
5127
-3352
-9188
4202
-865
-8730
-8614
-6454
3412
2227
5003
-7292
-6328
-1938
-1847
4632
-6137
-9735
-2314
8280
7403
-2073
3983
-9504
-8092
-8768
3999
-2495
-1764
-6766
3461
-6638
-118
4273
7565
9018
5543
8952
-7437
-1045
1178
7567
1663
4851
-4371
9816
-517
-508
-9919
7169
-2229
7485
-4904
-8246
7981
-2995
-7014
1980
4511
1222
5214
-2029
4585
-4904
-7756
2150
-5887
7788
1101
-3323
-3258
-7721
-5757
8405
7131
-128
8221
-3387
9365
8302
-6218
-2865
5787
-1121
-1111
3768
5884
1875
-4253
394
-6903
-9039
8366
7683
-3943
-9391
-168
171
8397
-9067
6848
-4861
-6788
-8909
-6456
-9658
963
-8235
-3044
328
-9933
739
7463
5854
9618
-3648
-379
5501
8228
5369
-4105
-8675
6330
-5740
9008
-7613
-5130
-1160
2558
-6733
-227
-594
-1594
2986
497
1951
3329
-8540
3716
-9716
1788
3783
1024
-749
-364
641
5603
9257
-3858
3831
4625
2037
5156
955
6298
4163
3342
-8832
-6997
-4100
-5565
2776
5306
2842
-4239
-4198
-5208
9091
-2737
8508
9376
9051
2290
399
-1699
-8074
-8961
-6096
-8817
-2818
7735
5809
9220
2891
-3237
5517
-2947
-9895
6686
56
-3995
-8880
-7168
-8690
3963
-1406
-2887
8755
-2316
4377
7263
-2941
3427
-447
7459
-8272
1479
8498
-4367
2662
-4321
-6632
-1530
-5102
6259
5234
-9585
-6688
5340
7102
3369
-8656
8222
6202
-7345
2185
-5205
-231
939
2480
-5855
-1798
9540
7573
7755
6998
9301
-767
5496
-5066
-8105
-8825
-1698
366
-3926
-5439
-4401
-3510
-2126
-9062
-6409
-8758
-7717
-8187
7445
-5061
3998
-7761
4708
-5063
4720
8853
3139
4260
6426
893
1258
5727
-9874
-3247
-9340
-7979
-2071
-1037
2387
4003
3524
7987
-9507
-8603
8926
-5916
-7360
-8792
-4102
-9916
-3853
9896
-7676
-9145
-5167
7045
9709
7972
1304
6134
-1135
-7439
1860
-1009
-685
2521
1012
7245
-8517
-6602
1248
5008
-8616
1741
6406
-9690
5826
9046
-8482
-8277
9131
-2334
-8381
-8545
-1479
-3548
8500
-1771
-5576
-196
-5638
3289
2366
6223
-7721
-8319
-1257
3291
8926
227
6690
173
-4766
8075
-8086
-8361
8385
7740
-9315
9904
9464
9817
-2431
-8918
-8729
6090
-2465
9772
-5681
1960
-424
-1318
-4752
-8059
-5096
-2473
-6378
3648
-9182
-7452
-6126
7509
2722
-892
5583
4636
748
3968
2375
1434
3871
1839
1251
-8561
2922
2523
7530
-9544
2294
-8151
2417
-8131
531
7665
-6189
5436
-4808
-2566
-917
-3989
-18
2958
-6481
-7297
-7934
9103
7340
2814
3070
-286
-5752
-3059
-8447
5499
-1619
4475
-1979
-4090
4932
-9685
-2241
-2652
-7815
8290
-4987
-4004
3726
205
3431
-7192
6216
-6587
5766
9736
-3883
7832
8839
-6544
646
1908
3171
4894
8849
4724
393
-2770
-802
8414
3140
-5870
8729
-9101
1478
-9086
9190
6491
-3089
2915
-3304
-9659
5724
-7088
-6246
1489
-7352
-129
-679
-8514
3327
9968
3395
-3502
4861
2244
-8779
-4746
9474
420
-6333
2613
4550
-7604
3513
-3972
-6689
2702
-7481
222
-4383
-785
563
-8660
2128
4317
2830
4776
-5812
-7850
6262
7516
-7882
-344
-5987
6980
-8100
-4765
-7767
-8627
5655
-4099
3987
205
-1702
-2501
6233
1609
-9799
8753
-8170
-4182
-2032
2393
-2842
-9905
-3290
9989
4871
899
-7862
1133
-1586
-5743
-9211
2428
-8764
-7310
7663
-6531
-5937
3318
-630
8050
-6478
7668
-4451
9756
-723
-4250
8508
1107
1569
-3525
-6500
8727
-3429
211
8715
-8558
-8890
-9147
2576
-475
-4890
3366
-8048
-3654
6056
9616
-184
-9882
2933
9187
8169
6456
6854
-6283
6211
-3869
-532
4719
7238
-8964
-8806
-9262
9764
-2235
950
8479
-792
2060
9333
-8217
-8416
-5557
5149
-6463
790
1204
-6848
-9395
1323
6085
9792
-509
2541
6646
3209
-1249
-7224
-7323
-6530
-9986
-6287
-5336
-9247
-6523
2430
1703
-8045
-8363
-6238
-8713
-6579
-4653
-4270
8570
-1116
6520
-226
2036
7126
-8903
-1879
6917
589
-9339
3563
-6202
-587
6340
-3525
2884
6355
189
7548
7108
3666
-22
-1189
5621
1615
2574
6909
5037
7921
-7362
3606
-3195
9159
-6620
8841
6285
-5523
-3038
3201
5067
-2376
-3236
8865
7038
-6897
-4661
-79
9458
5528
-2531
6566
-807
7447
-4624
-5186
-938
7950
-8278
-5902
5871
-5639
7705
-7325
-6481
-8915
-8484
9804
-4437
-1521
3005
-9371
6104
9770
9494
3141
-7127
-5167
-6938
-7669
-9639
531
8897
-446
-2023
-5727
4369
7040
-7777
6091
-8862
8095
-9549
8843
-9231
-6029
9929
-7714
-6225
-4509
765
6781
-3879
-3132
6550
-4385
-9991
9423
448
-6929
-8246
810
3602
-9350
-9636
-8421
-5076
4733
8619
-2852
823
9758
-4758
1275
8600
-3989
5246
8529
-1703
9022
-5980
9063
5802
141
-4069
2351
5756
-4060
1774
-3796
-989
3529
7014
-7388
4179
7378
-5808
9104
2111
-7190
-3749
-7067
-7433
1493
4209
-8833
7505
-545
9697
-4198
-1524
-6284
-5136
-5723
3858
795
6629
-386
6736
-1597
5819
-4254
-8069
2832
-1641
6111
210
2551
5215
-7679
5362
-8535
-4745
7930
2959
9464
9098
463
-1082
8794
6265
7394
-7490
-8871
-8329
6368
1925
8300
-4019
-1339
-3297
-8201
4407
-1365
4632
-7235
-5255
-5158
5317
9960
-2837
678
-8575
2418
-1392
4384
1882
-2295
-5153
-9201
-3501
-8888
8194
-991
-7758
9865
-4623
4167
8165
1358
-7172
-5132
3158
7235
3503
-2210
-10000
8248
2633
5318
8208
9796
-4004
9633
2214
4604
4017
-5905
-7692
8864
-5105
-1193
9976
-6912
7816
-7783
-7047
-6808
6385
-8882
4551
9213
-4014
-2291
6448
9489
5499
6449
7737
-1868
1766
5945
